50
3
7
1
49
1
29
1 2 6 6
1 3 6 6
1 4 8 8
1 5 4 4
1 6 8 8
1 7 6 6
1 8 7 7
1 9 6 6
1 10 10 10
1 11 6 6
1 12 8 8
1 13 5 5
1 14 3 3
1 15 5 5
1 16 8 8
1 17 7 7
1 18 6 6
1 19 3 3
1 20 6 6
1 21 4 4
1 22 3 3
1 23 1 1
1 24 8 8
1 25 6 6
1 26 4 4
1 27 5 5
1 28 5 5
1 29 4 4
1 30 4 4
1 31 9 9
1 32 5 5
1 33 8 8
1 34 6 6
1 35 9 9
1 36 3 3
1 37 1 1
1 38 7 7
1 39 6 6
1 40 4 4
1 41 2 2
1 42 5 5
1 43 6 6
1 44 4 4
1 45 5 5
1 46 5 5
1 47 5 5
1 48 4 4
1 49 6 6
1 50 2 2
2 3 4 4
2 4 3 3
2 5 6 6
2 6 5 5
2 7 5 5
2 8 5 5
2 9 7 7
2 10 7 7
2 11 2 2
2 12 2 2
2 13 6 6
2 14 5 5
2 15 3 3
2 16 3 3
2 17 4 4
2 18 9 9
2 19 6 6
2 20 7 7
2 21 3 3
2 22 7 7
2 23 8 8
2 24 3 3
2 25 5 5
2 26 4 4
2 27 8 8
2 28 2 2
2 29 7 7
2 30 6 6
2 31 5 5
2 32 6 6
2 33 3 3
2 34 6 6
2 35 4 4
2 36 5 5
2 37 6 6
2 38 3 3
2 39 1 1
2 40 1 1
2 41 3 3
2 42 9 9
2 43 4 4
2 44 7 7
2 45 5 5
2 46 6 6
2 47 2 2
2 48 6 6
2 49 6 6
2 50 8 8
3 4 3 3
3 5 6 6
3 6 9 9
3 7 6 6
3 8 1 1
3 9 7 7
3 10 5 5
3 11 2 2
3 12 6 6
3 13 7 7
3 14 3 3
3 15 6 6
3 16 5 5
3 17 6 6
3 18 9 9
3 19 4 4
3 20 5 5
3 21 6 6
3 22 1 1
3 23 6 6
3 24 9 9
3 25 1 1
3 26 7 7
3 27 5 5
3 28 6 6
3 29 4 4
3 30 6 6
3 31 9 9
3 32 2 2
3 33 4 4
3 34 5 5
3 35 6 6
3 36 5 5
3 37 7 7
3 38 7 7
3 39 5 5
3 40 4 4
3 41 5 5
3 42 4 4
3 43 8 8
3 44 7 7
3 45 5 5
3 46 5 5
3 47 4 4
3 48 6 6
3 49 8 8
3 50 4 4
4 5 9 9
4 6 3 3
4 7 4 4
4 8 8 8
4 9 4 4
4 10 7 7
4 11 4 4
4 12 4 4
4 13 2 2
4 14 4 4
4 15 5 5
4 16 7 7
4 17 3 3
4 18 4 4
4 19 5 5
4 20 3 3
4 21 4 4
4 22 9 9
4 23 4 4
4 24 6 6
4 25 6 6
4 26 4 4
4 27 3 3
4 28 5 5
4 29 7 7
4 30 5 5
4 31 4 4
4 32 9 9
4 33 6 6
4 34 4 4
4 35 4 4
4 36 4 4
4 37 3 3
4 38 3 3
4 39 4 4
4 40 6 6
4 41 8 8
4 42 5 5
4 43 6 6
4 44 3 3
4 45 9 9
4 46 6 6
4 47 1 1
4 48 6 6
4 49 10 10
4 50 6 6
5 6 1 1
5 7 6 6
5 8 8 8
5 9 2 2
5 10 4 4
5 11 7 7
5 12 5 5
5 13 3 3
5 14 4 4
5 15 3 3
5 16 1 1
5 17 3 3
5 18 3 3
5 19 4 4
5 20 5 5
5 21 4 4
5 22 5 5
5 23 4 4
5 24 1 1
5 25 5 5
5 26 4 4
5 27 5 5
5 28 2 2
5 29 5 5
5 30 6 6
5 31 6 6
5 32 2 2
5 33 8 8
5 34 3 3
5 35 7 7
5 36 6 6
5 37 5 5
5 38 6 6
5 39 6 6
5 40 2 2
5 41 8 8
5 42 8 8
5 43 3 3
5 44 7 7
5 45 5 5
5 46 2 2
5 47 5 5
5 48 5 5
5 49 6 6
5 50 5 5
6 7 5 5
6 8 2 2
6 9 3 3
6 10 5 5
6 11 7 7
6 12 4 4
6 13 2 2
6 14 9 9
6 15 5 5
6 16 4 4
6 17 4 4
6 18 1 1
6 19 4 4
6 20 3 3
6 21 1 1
6 22 5 5
6 23 2 2
6 24 2 2
6 25 7 7
6 26 10 10
6 27 10 10
6 28 2 2
6 29 4 4
6 30 5 5
6 31 5 5
6 32 7 7
6 33 6 6
6 34 6 6
6 35 3 3
6 36 8 8
6 37 6 6
6 38 4 4
6 39 8 8
6 40 7 7
6 41 9 9
6 42 2 2
6 43 5 5
6 44 1 1
6 45 2 2
6 46 9 9
6 47 6 6
6 48 6 6
6 49 3 3
6 50 4 4
7 8 7 7
7 9 5 5
7 10 4 4
7 11 5 5
7 12 5 5
7 13 5 5
7 14 2 2
7 15 4 4
7 16 5 5
7 17 8 8
7 18 5 5
7 19 6 6
7 20 3 3
7 21 4 4
7 22 5 5
7 23 8 8
7 24 4 4
7 25 5 5
7 26 8 8
7 27 8 8
7 28 4 4
7 29 3 3
7 30 7 7
7 31 5 5
7 32 7 7
7 33 4 4
7 34 6 6
7 35 7 7
7 36 3 3
7 37 5 5
7 38 7 7
7 39 6 6
7 40 5 5
7 41 3 3
7 42 4 4
7 43 6 6
7 44 7 7
7 45 6 6
7 46 4 4
7 47 5 5
7 48 4 4
7 49 6 6
7 50 5 5
8 9 10 10
8 10 5 5
8 11 5 5
8 12 4 4
8 13 1 1
8 14 6 6
8 15 5 5
8 16 3 3
8 17 5 5
8 18 1 1
8 19 3 3
8 20 6 6
8 21 3 3
8 22 4 4
8 23 3 3
8 24 5 5
8 25 5 5
8 26 2 2
8 27 3 3
8 28 3 3
8 29 3 3
8 30 5 5
8 31 4 4
8 32 5 5
8 33 4 4
8 34 5 5
8 35 2 2
8 36 4 4
8 37 5 5
8 38 10 10
8 39 7 7
8 40 6 6
8 41 4 4
8 42 7 7
8 43 2 2
8 44 7 7
8 45 3 3
8 46 3 3
8 47 4 4
8 48 3 3
8 49 9 9
8 50 4 4
9 10 8 8
9 11 7 7
9 12 4 4
9 13 5 5
9 14 7 7
9 15 9 9
9 16 6 6
9 17 6 6
9 18 6 6
9 19 4 4
9 20 7 7
9 21 7 7
9 22 5 5
9 23 5 5
9 24 6 6
9 25 4 4
9 26 4 4
9 27 7 7
9 28 3 3
9 29 4 4
9 30 2 2
9 31 4 4
9 32 4 4
9 33 6 6
9 34 4 4
9 35 8 8
9 36 4 4
9 37 9 9
9 38 3 3
9 39 9 9
9 40 5 5
9 41 9 9
9 42 7 7
9 43 3 3
9 44 3 3
9 45 4 4
9 46 6 6
9 47 3 3
9 48 6 6
9 49 3 3
9 50 5 5
10 11 8 8
10 12 3 3
10 13 8 8
10 14 6 6
10 15 6 6
10 16 5 5
10 17 5 5
10 18 3 3
10 19 4 4
10 20 8 8
10 21 5 5
10 22 6 6
10 23 9 9
10 24 7 7
10 25 5 5
10 26 9 9
10 27 7 7
10 28 8 8
10 29 6 6
10 30 6 6
10 31 3 3
10 32 6 6
10 33 4 4
10 34 5 5
10 35 4 4
10 36 4 4
10 37 7 7
10 38 7 7
10 39 4 4
10 40 2 2
10 41 6 6
10 42 8 8
10 43 6 6
10 44 9 9
10 45 6 6
10 46 5 5
10 47 6 6
10 48 3 3
10 49 6 6
10 50 6 6
11 12 5 5
11 13 3 3
11 14 5 5
11 15 8 8
11 16 8 8
11 17 5 5
11 18 3 3
11 19 5 5
11 20 3 3
11 21 5 5
11 22 6 6
11 23 3 3
11 24 6 6
11 25 5 5
11 26 3 3
11 27 7 7
11 28 7 7
11 29 7 7
11 30 5 5
11 31 10 10
11 32 4 4
11 33 6 6
11 34 7 7
11 35 7 7
11 36 4 4
11 37 4 4
11 38 3 3
11 39 10 10
11 40 5 5
11 41 7 7
11 42 3 3
11 43 5 5
11 44 5 5
11 45 8 8
11 46 2 2
11 47 5 5
11 48 8 8
11 49 3 3
11 50 6 6
12 13 3 3
12 14 9 9
12 15 4 4
12 16 4 4
12 17 3 3
12 18 4 4
12 19 5 5
12 20 3 3
12 21 5 5
12 22 5 5
12 23 4 4
12 24 7 7
12 25 7 7
12 26 4 4
12 27 6 6
12 28 4 4
12 29 4 4
12 30 5 5
12 31 1 1
12 32 8 8
12 33 6 6
12 34 6 6
12 35 8 8
12 36 7 7
12 37 4 4
12 38 6 6
12 39 5 5
12 40 1 1
12 41 4 4
12 42 5 5
12 43 5 5
12 44 7 7
12 45 5 5
12 46 6 6
12 47 5 5
12 48 7 7
12 49 7 7
12 50 4 4
13 14 2 2
13 15 5 5
13 16 5 5
13 17 6 6
13 18 6 6
13 19 3 3
13 20 7 7
13 21 6 6
13 22 4 4
13 23 5 5
13 24 7 7
13 25 7 7
13 26 3 3
13 27 9 9
13 28 8 8
13 29 3 3
13 30 4 4
13 31 7 7
13 32 5 5
13 33 6 6
13 34 7 7
13 35 5 5
13 36 5 5
13 37 3 3
13 38 6 6
13 39 5 5
13 40 3 3
13 41 3 3
13 42 8 8
13 43 1 1
13 44 7 7
13 45 6 6
13 46 1 1
13 47 7 7
13 48 8 8
13 49 5 5
13 50 8 8
14 15 6 6
14 16 7 7
14 17 4 4
14 18 3 3
14 19 6 6
14 20 2 2
14 21 5 5
14 22 3 3
14 23 5 5
14 24 4 4
14 25 4 4
14 26 8 8
14 27 7 7
14 28 8 8
14 29 8 8
14 30 8 8
14 31 6 6
14 32 9 9
14 33 4 4
14 34 1 1
14 35 5 5
14 36 5 5
14 37 4 4
14 38 2 2
14 39 3 3
14 40 6 6
14 41 4 4
14 42 4 4
14 43 4 4
14 44 6 6
14 45 3 3
14 46 1 1
14 47 4 4
14 48 7 7
14 49 6 6
14 50 4 4
15 16 3 3
15 17 3 3
15 18 7 7
15 19 3 3
15 20 3 3
15 21 3 3
15 22 2 2
15 23 4 4
15 24 6 6
15 25 4 4
15 26 5 5
15 27 6 6
15 28 6 6
15 29 5 5
15 30 5 5
15 31 4 4
15 32 8 8
15 33 3 3
15 34 3 3
15 35 2 2
15 36 6 6
15 37 4 4
15 38 6 6
15 39 8 8
15 40 6 6
15 41 4 4
15 42 6 6
15 43 6 6
15 44 6 6
15 45 2 2
15 46 6 6
15 47 6 6
15 48 6 6
15 49 5 5
15 50 5 5
16 17 4 4
16 18 7 7
16 19 3 3
16 20 4 4
16 21 7 7
16 22 4 4
16 23 5 5
16 24 5 5
16 25 6 6
16 26 4 4
16 27 7 7
16 28 8 8
16 29 5 5
16 30 7 7
16 31 3 3
16 32 3 3
16 33 4 4
16 34 3 3
16 35 3 3
16 36 2 2
16 37 3 3
16 38 7 7
16 39 5 5
16 40 7 7
16 41 8 8
16 42 4 4
16 43 7 7
16 44 2 2
16 45 4 4
16 46 4 4
16 47 6 6
16 48 7 7
16 49 2 2
16 50 3 3
17 18 7 7
17 19 6 6
17 20 8 8
17 21 2 2
17 22 3 3
17 23 2 2
17 24 6 6
17 25 3 3
17 26 6 6
17 27 7 7
17 28 2 2
17 29 5 5
17 30 2 2
17 31 8 8
17 32 4 4
17 33 4 4
17 34 8 8
17 35 5 5
17 36 4 4
17 37 6 6
17 38 8 8
17 39 4 4
17 40 8 8
17 41 6 6
17 42 4 4
17 43 4 4
17 44 6 6
17 45 1 1
17 46 7 7
17 47 7 7
17 48 4 4
17 49 6 6
17 50 6 6
18 19 3 3
18 20 4 4
18 21 8 8
18 22 6 6
18 23 5 5
18 24 4 4
18 25 4 4
18 26 3 3
18 27 1 1
18 28 7 7
18 29 6 6
18 30 3 3
18 31 4 4
18 32 8 8
18 33 2 2
18 34 5 5
18 35 7 7
18 36 2 2
18 37 8 8
18 38 6 6
18 39 4 4
18 40 1 1
18 41 4 4
18 42 6 6
18 43 4 4
18 44 5 5
18 45 4 4
18 46 6 6
18 47 4 4
18 48 4 4
18 49 6 6
18 50 5 5
19 20 6 6
19 21 1 1
19 22 4 4
19 23 7 7
19 24 3 3
19 25 8 8
19 26 6 6
19 27 5 5
19 28 3 3
19 29 3 3
19 30 6 6
19 31 6 6
19 32 5 5
19 33 6 6
19 34 4 4
19 35 6 6
19 36 4 4
19 37 2 2
19 38 4 4
19 39 6 6
19 40 5 5
19 41 3 3
19 42 4 4
19 43 2 2
19 44 7 7
19 45 6 6
19 46 7 7
19 47 6 6
19 48 5 5
19 49 6 6
19 50 5 5
20 21 4 4
20 22 6 6
20 23 4 4
20 24 5 5
20 25 6 6
20 26 5 5
20 27 3 3
20 28 7 7
20 29 5 5
20 30 2 2
20 31 6 6
20 32 2 2
20 33 4 4
20 34 5 5
20 35 8 8
20 36 6 6
20 37 4 4
20 38 4 4
20 39 3 3
20 40 7 7
20 41 3 3
20 42 5 5
20 43 8 8
20 44 4 4
20 45 6 6
20 46 7 7
20 47 9 9
20 48 5 5
20 49 5 5
20 50 3 3
21 22 3 3
21 23 8 8
21 24 2 2
21 25 6 6
21 26 4 4
21 27 7 7
21 28 6 6
21 29 2 2
21 30 6 6
21 31 7 7
21 32 4 4
21 33 5 5
21 34 9 9
21 35 5 5
21 36 3 3
21 37 3 3
21 38 2 2
21 39 5 5
21 40 7 7
21 41 3 3
21 42 3 3
21 43 5 5
21 44 5 5
21 45 5 5
21 46 8 8
21 47 6 6
21 48 7 7
21 49 5 5
21 50 5 5
22 23 8 8
22 24 5 5
22 25 3 3
22 26 2 2
22 27 5 5
22 28 6 6
22 29 10 10
22 30 3 3
22 31 3 3
22 32 7 7
22 33 6 6
22 34 3 3
22 35 8 8
22 36 1 1
22 37 8 8
22 38 7 7
22 39 5 5
22 40 3 3
22 41 5 5
22 42 6 6
22 43 4 4
22 44 5 5
22 45 7 7
22 46 4 4
22 47 3 3
22 48 5 5
22 49 5 5
22 50 7 7
23 24 5 5
23 25 9 9
23 26 5 5
23 27 7 7
23 28 3 3
23 29 4 4
23 30 6 6
23 31 9 9
23 32 7 7
23 33 5 5
23 34 8 8
23 35 5 5
23 36 6 6
23 37 8 8
23 38 5 5
23 39 3 3
23 40 6 6
23 41 4 4
23 42 5 5
23 43 6 6
23 44 6 6
23 45 7 7
23 46 6 6
23 47 6 6
23 48 4 4
23 49 8 8
23 50 2 2
24 25 6 6
24 26 8 8
24 27 5 5
24 28 1 1
24 29 6 6
24 30 7 7
24 31 1 1
24 32 3 3
24 33 9 9
24 34 7 7
24 35 3 3
24 36 4 4
24 37 5 5
24 38 8 8
24 39 7 7
24 40 4 4
24 41 4 4
24 42 1 1
24 43 3 3
24 44 2 2
24 45 3 3
24 46 2 2
24 47 7 7
24 48 5 5
24 49 7 7
24 50 7 7
25 26 1 1
25 27 5 5
25 28 5 5
25 29 6 6
25 30 6 6
25 31 8 8
25 32 7 7
25 33 6 6
25 34 4 4
25 35 9 9
25 36 7 7
25 37 4 4
25 38 4 4
25 39 4 4
25 40 3 3
25 41 4 4
25 42 8 8
25 43 6 6
25 44 2 2
25 45 6 6
25 46 6 6
25 47 5 5
25 48 6 6
25 49 5 5
25 50 3 3
26 27 6 6
26 28 4 4
26 29 6 6
26 30 6 6
26 31 6 6
26 32 4 4
26 33 2 2
26 34 7 7
26 35 4 4
26 36 8 8
26 37 8 8
26 38 7 7
26 39 5 5
26 40 8 8
26 41 2 2
26 42 3 3
26 43 5 5
26 44 7 7
26 45 4 4
26 46 6 6
26 47 8 8
26 48 5 5
26 49 6 6
26 50 4 4
27 28 1 1
27 29 8 8
27 30 4 4
27 31 4 4
27 32 8 8
27 33 1 1
27 34 5 5
27 35 6 6
27 36 3 3
27 37 7 7
27 38 7 7
27 39 3 3
27 40 5 5
27 41 4 4
27 42 2 2
27 43 4 4
27 44 7 7
27 45 5 5
27 46 7 7
27 47 2 2
27 48 5 5
27 49 5 5
27 50 3 3
28 29 1 1
28 30 5 5
28 31 10 10
28 32 3 3
28 33 5 5
28 34 10 10
28 35 4 4
28 36 5 5
28 37 5 5
28 38 4 4
28 39 6 6
28 40 1 1
28 41 6 6
28 42 8 8
28 43 4 4
28 44 3 3
28 45 2 2
28 46 7 7
28 47 6 6
28 48 8 8
28 49 6 6
28 50 6 6
29 30 8 8
29 31 8 8
29 32 5 5
29 33 3 3
29 34 5 5
29 35 6 6
29 36 4 4
29 37 4 4
29 38 5 5
29 39 2 2
29 40 6 6
29 41 6 6
29 42 7 7
29 43 3 3
29 44 4 4
29 45 4 4
29 46 3 3
29 47 5 5
29 48 4 4
29 49 6 6
29 50 7 7
30 31 7 7
30 32 4 4
30 33 3 3
30 34 6 6
30 35 4 4
30 36 3 3
30 37 4 4
30 38 3 3
30 39 7 7
30 40 4 4
30 41 6 6
30 42 9 9
30 43 4 4
30 44 6 6
30 45 7 7
30 46 4 4
30 47 6 6
30 48 3 3
30 49 5 5
30 50 5 5
31 32 10 10
31 33 7 7
31 34 6 6
31 35 4 4
31 36 2 2
31 37 6 6
31 38 5 5
31 39 7 7
31 40 5 5
31 41 5 5
31 42 7 7
31 43 7 7
31 44 7 7
31 45 8 8
31 46 7 7
31 47 5 5
31 48 5 5
31 49 4 4
31 50 7 7
32 33 1 1
32 34 3 3
32 35 4 4
32 36 5 5
32 37 7 7
32 38 8 8
32 39 4 4
32 40 3 3
32 41 5 5
32 42 5 5
32 43 9 9
32 44 3 3
32 45 4 4
32 46 2 2
32 47 5 5
32 48 5 5
32 49 4 4
32 50 6 6
33 34 6 6
33 35 5 5
33 36 8 8
33 37 4 4
33 38 7 7
33 39 3 3
33 40 7 7
33 41 2 2
33 42 8 8
33 43 7 7
33 44 5 5
33 45 1 1
33 46 4 4
33 47 6 6
33 48 3 3
33 49 1 1
33 50 3 3
34 35 8 8
34 36 6 6
34 37 6 6
34 38 5 5
34 39 9 9
34 40 4 4
34 41 4 4
34 42 5 5
34 43 3 3
34 44 5 5
34 45 3 3
34 46 4 4
34 47 7 7
34 48 4 4
34 49 5 5
34 50 10 10
35 36 4 4
35 37 3 3
35 38 1 1
35 39 4 4
35 40 2 2
35 41 8 8
35 42 7 7
35 43 4 4
35 44 4 4
35 45 6 6
35 46 4 4
35 47 6 6
35 48 3 3
35 49 7 7
35 50 4 4
36 37 4 4
36 38 2 2
36 39 7 7
36 40 1 1
36 41 3 3
36 42 6 6
36 43 6 6
36 44 4 4
36 45 7 7
36 46 4 4
36 47 7 7
36 48 4 4
36 49 6 6
36 50 4 4
37 38 1 1
37 39 6 6
37 40 5 5
37 41 4 4
37 42 5 5
37 43 2 2
37 44 3 3
37 45 3 3
37 46 4 4
37 47 6 6
37 48 6 6
37 49 4 4
37 50 3 3
38 39 4 4
38 40 4 4
38 41 6 6
38 42 2 2
38 43 10 10
38 44 3 3
38 45 7 7
38 46 5 5
38 47 8 8
38 48 3 3
38 49 6 6
38 50 10 10
39 40 6 6
39 41 6 6
39 42 5 5
39 43 7 7
39 44 4 4
39 45 4 4
39 46 4 4
39 47 4 4
39 48 5 5
39 49 4 4
39 50 3 3
40 41 4 4
40 42 4 4
40 43 1 1
40 44 4 4
40 45 4 4
40 46 5 5
40 47 8 8
40 48 3 3
40 49 5 5
40 50 7 7
41 42 4 4
41 43 7 7
41 44 2 2
41 45 5 5
41 46 4 4
41 47 9 9
41 48 3 3
41 49 5 5
41 50 7 7
42 43 5 5
42 44 3 3
42 45 4 4
42 46 6 6
42 47 4 4
42 48 5 5
42 49 5 5
42 50 5 5
43 44 4 4
43 45 4 4
43 46 7 7
43 47 7 7
43 48 5 5
43 49 3 3
43 50 3 3
44 45 4 4
44 46 7 7
44 47 6 6
44 48 10 10
44 49 6 6
44 50 6 6
45 46 6 6
45 47 1 1
45 48 1 1
45 49 4 4
45 50 5 5
46 47 9 9
46 48 6 6
46 49 2 2
46 50 7 7
47 48 1 1
47 49 5 5
47 50 5 5
48 49 7 7
48 50 4 4
49 50 9 9
