50
2
5
5
14
34
16
23
48
4
15
33
6
30
1 2 4 4
2 1 4 4
1 3 1 1
3 1 1 1
1 4 9 9
4 1 9 9
1 5 1 1
5 1 1 1
1 6 9 9
6 1 9 9
1 7 10 10
7 1 10 10
1 8 5 5
8 1 5 5
1 9 8 8
9 1 8 8
1 10 9 9
10 1 9 9
1 11 9 9
11 1 9 9
1 12 3 3
12 1 3 3
1 13 7 7
13 1 7 7
1 14 4 4
14 1 4 4
1 15 4 4
15 1 4 4
1 16 3 3
16 1 3 3
1 17 8 8
17 1 8 8
1 18 2 2
18 1 2 2
1 19 8 8
19 1 8 8
1 20 7 7
20 1 7 7
1 21 5 5
21 1 5 5
1 22 7 7
22 1 7 7
1 23 4 4
23 1 4 4
1 24 6 6
24 1 6 6
1 25 3 3
25 1 3 3
1 26 2 2
26 1 2 2
1 27 5 5
27 1 5 5
1 28 4 4
28 1 4 4
1 29 9 9
29 1 9 9
1 30 2 2
30 1 2 2
1 31 7 7
31 1 7 7
1 32 2 2
32 1 2 2
1 33 8 8
33 1 8 8
1 34 3 3
34 1 3 3
1 35 2 2
35 1 2 2
1 36 9 9
36 1 9 9
1 37 8 8
37 1 8 8
1 38 5 5
38 1 5 5
1 39 3 3
39 1 3 3
1 40 8 8
40 1 8 8
1 41 6 6
41 1 6 6
1 42 6 6
42 1 6 6
1 43 4 4
43 1 4 4
1 44 6 6
44 1 6 6
1 45 6 6
45 1 6 6
1 46 4 4
46 1 4 4
1 47 2 2
47 1 2 2
1 48 5 5
48 1 5 5
1 49 6 6
49 1 6 6
1 50 8 8
50 1 8 8
2 3 1 1
3 2 1 1
2 4 8 8
4 2 8 8
2 5 10 10
5 2 10 10
2 6 3 3
6 2 3 3
2 7 9 9
7 2 9 9
2 8 9 9
8 2 9 9
2 9 3 3
9 2 3 3
2 10 5 5
10 2 5 5
2 11 9 9
11 2 9 9
2 12 3 3
12 2 3 3
2 13 3 3
13 2 3 3
2 14 1 1
14 2 1 1
2 15 3 3
15 2 3 3
2 16 2 2
16 2 2 2
2 17 9 9
17 2 9 9
2 18 4 4
18 2 4 4
2 19 7 7
19 2 7 7
2 20 4 4
20 2 4 4
2 21 7 7
21 2 7 7
2 22 7 7
22 2 7 7
2 23 3 3
23 2 3 3
2 24 6 6
24 2 6 6
2 25 8 8
25 2 8 8
2 26 5 5
26 2 5 5
2 27 3 3
27 2 3 3
2 28 7 7
28 2 7 7
2 29 8 8
29 2 8 8
2 30 1 1
30 2 1 1
2 31 3 3
31 2 3 3
2 32 8 8
32 2 8 8
2 33 1 1
33 2 1 1
2 34 3 3
34 2 3 3
2 35 5 5
35 2 5 5
2 36 4 4
36 2 4 4
2 37 1 1
37 2 1 1
2 38 8 8
38 2 8 8
2 39 9 9
39 2 9 9
2 40 10 10
40 2 10 10
2 41 4 4
41 2 4 4
2 42 7 7
42 2 7 7
2 43 8 8
43 2 8 8
2 44 6 6
44 2 6 6
2 45 3 3
45 2 3 3
2 46 8 8
46 2 8 8
2 47 7 7
47 2 7 7
2 48 10 10
48 2 10 10
2 49 10 10
49 2 10 10
2 50 8 8
50 2 8 8
3 4 4 4
4 3 4 4
3 5 8 8
5 3 8 8
3 6 7 7
6 3 7 7
3 7 9 9
7 3 9 9
3 8 5 5
8 3 5 5
3 9 8 8
9 3 8 8
3 10 1 1
10 3 1 1
3 11 7 7
11 3 7 7
3 12 5 5
12 3 5 5
3 13 6 6
13 3 6 6
3 14 4 4
14 3 4 4
3 15 7 7
15 3 7 7
3 16 10 10
16 3 10 10
3 17 6 6
17 3 6 6
3 18 5 5
18 3 5 5
3 19 4 4
19 3 4 4
3 20 7 7
20 3 7 7
3 21 2 2
21 3 2 2
3 22 9 9
22 3 9 9
3 23 3 3
23 3 3 3
3 24 6 6
24 3 6 6
3 25 7 7
25 3 7 7
3 26 7 7
26 3 7 7
3 27 5 5
27 3 5 5
3 28 9 9
28 3 9 9
3 29 10 10
29 3 10 10
3 30 8 8
30 3 8 8
3 31 4 4
31 3 4 4
3 32 5 5
32 3 5 5
3 33 2 2
33 3 2 2
3 34 3 3
34 3 3 3
3 35 7 7
35 3 7 7
3 36 4 4
36 3 4 4
3 37 9 9
37 3 9 9
3 38 6 6
38 3 6 6
3 39 2 2
39 3 2 2
3 40 7 7
40 3 7 7
3 41 2 2
41 3 2 2
3 42 6 6
42 3 6 6
3 43 9 9
43 3 9 9
3 44 5 5
44 3 5 5
3 45 6 6
45 3 6 6
3 46 1 1
46 3 1 1
3 47 3 3
47 3 3 3
3 48 3 3
48 3 3 3
3 49 9 9
49 3 9 9
3 50 2 2
50 3 2 2
4 5 6 6
5 4 6 6
4 6 6 6
6 4 6 6
4 7 5 5
7 4 5 5
4 8 9 9
8 4 9 9
4 9 3 3
9 4 3 3
4 10 2 2
10 4 2 2
4 11 8 8
11 4 8 8
4 12 7 7
12 4 7 7
4 13 1 1
13 4 1 1
4 14 4 4
14 4 4 4
4 15 8 8
15 4 8 8
4 16 5 5
16 4 5 5
4 17 1 1
17 4 1 1
4 18 6 6
18 4 6 6
4 19 2 2
19 4 2 2
4 20 2 2
20 4 2 2
4 21 2 2
21 4 2 2
4 22 9 9
22 4 9 9
4 23 8 8
23 4 8 8
4 24 10 10
24 4 10 10
4 25 1 1
25 4 1 1
4 26 8 8
26 4 8 8
4 27 7 7
27 4 7 7
4 28 9 9
28 4 9 9
4 29 7 7
29 4 7 7
4 30 4 4
30 4 4 4
4 31 9 9
31 4 9 9
4 32 5 5
32 4 5 5
4 33 2 2
33 4 2 2
4 34 10 10
34 4 10 10
4 35 6 6
35 4 6 6
4 36 9 9
36 4 9 9
4 37 7 7
37 4 7 7
4 38 3 3
38 4 3 3
4 39 3 3
39 4 3 3
4 40 10 10
40 4 10 10
4 41 9 9
41 4 9 9
4 42 2 2
42 4 2 2
4 43 9 9
43 4 9 9
4 44 7 7
44 4 7 7
4 45 4 4
45 4 4 4
4 46 10 10
46 4 10 10
4 47 6 6
47 4 6 6
4 48 10 10
48 4 10 10
4 49 10 10
49 4 10 10
4 50 3 3
50 4 3 3
5 6 10 10
6 5 10 10
5 7 4 4
7 5 4 4
5 8 2 2
8 5 2 2
5 9 4 4
9 5 4 4
5 10 10 10
10 5 10 10
5 11 6 6
11 5 6 6
5 12 10 10
12 5 10 10
5 13 7 7
13 5 7 7
5 14 7 7
14 5 7 7
5 15 1 1
15 5 1 1
5 16 5 5
16 5 5 5
5 17 7 7
17 5 7 7
5 18 3 3
18 5 3 3
5 19 7 7
19 5 7 7
5 20 10 10
20 5 10 10
5 21 9 9
21 5 9 9
5 22 4 4
22 5 4 4
5 23 7 7
23 5 7 7
5 24 6 6
24 5 6 6
5 25 4 4
25 5 4 4
5 26 9 9
26 5 9 9
5 27 8 8
27 5 8 8
5 28 4 4
28 5 4 4
5 29 7 7
29 5 7 7
5 30 4 4
30 5 4 4
5 31 1 1
31 5 1 1
5 32 8 8
32 5 8 8
5 33 7 7
33 5 7 7
5 34 5 5
34 5 5 5
5 35 1 1
35 5 1 1
5 36 10 10
36 5 10 10
5 37 3 3
37 5 3 3
5 38 9 9
38 5 9 9
5 39 8 8
39 5 8 8
5 40 8 8
40 5 8 8
5 41 10 10
41 5 10 10
5 42 6 6
42 5 6 6
5 43 6 6
43 5 6 6
5 44 5 5
44 5 5 5
5 45 9 9
45 5 9 9
5 46 7 7
46 5 7 7
5 47 9 9
47 5 9 9
5 48 1 1
48 5 1 1
5 49 9 9
49 5 9 9
5 50 3 3
50 5 3 3
6 7 7 7
7 6 7 7
6 8 2 2
8 6 2 2
6 9 9 9
9 6 9 9
6 10 9 9
10 6 9 9
6 11 8 8
11 6 8 8
6 12 7 7
12 6 7 7
6 13 7 7
13 6 7 7
6 14 10 10
14 6 10 10
6 15 9 9
15 6 9 9
6 16 4 4
16 6 4 4
6 17 4 4
17 6 4 4
6 18 1 1
18 6 1 1
6 19 2 2
19 6 2 2
6 20 1 1
20 6 1 1
6 21 4 4
21 6 4 4
6 22 8 8
22 6 8 8
6 23 1 1
23 6 1 1
6 24 8 8
24 6 8 8
6 25 8 8
25 6 8 8
6 26 4 4
26 6 4 4
6 27 2 2
27 6 2 2
6 28 8 8
28 6 8 8
6 29 5 5
29 6 5 5
6 30 2 2
30 6 2 2
6 31 5 5
31 6 5 5
6 32 2 2
32 6 2 2
6 33 10 10
33 6 10 10
6 34 4 4
34 6 4 4
6 35 7 7
35 6 7 7
6 36 5 5
36 6 5 5
6 37 6 6
37 6 6 6
6 38 3 3
38 6 3 3
6 39 3 3
39 6 3 3
6 40 8 8
40 6 8 8
6 41 6 6
41 6 6 6
6 42 1 1
42 6 1 1
6 43 8 8
43 6 8 8
6 44 3 3
44 6 3 3
6 45 1 1
45 6 1 1
6 46 10 10
46 6 10 10
6 47 3 3
47 6 3 3
6 48 5 5
48 6 5 5
6 49 3 3
49 6 3 3
6 50 4 4
50 6 4 4
7 8 3 3
8 7 3 3
7 9 7 7
9 7 7 7
7 10 10 10
10 7 10 10
7 11 8 8
11 7 8 8
7 12 8 8
12 7 8 8
7 13 4 4
13 7 4 4
7 14 2 2
14 7 2 2
7 15 10 10
15 7 10 10
7 16 9 9
16 7 9 9
7 17 10 10
17 7 10 10
7 18 3 3
18 7 3 3
7 19 1 1
19 7 1 1
7 20 7 7
20 7 7 7
7 21 10 10
21 7 10 10
7 22 1 1
22 7 1 1
7 23 1 1
23 7 1 1
7 24 7 7
24 7 7 7
7 25 8 8
25 7 8 8
7 26 8 8
26 7 8 8
7 27 5 5
27 7 5 5
7 28 3 3
28 7 3 3
7 29 1 1
29 7 1 1
7 30 5 5
30 7 5 5
7 31 8 8
31 7 8 8
7 32 7 7
32 7 7 7
7 33 7 7
33 7 7 7
7 34 9 9
34 7 9 9
7 35 3 3
35 7 3 3
7 36 5 5
36 7 5 5
7 37 5 5
37 7 5 5
7 38 9 9
38 7 9 9
7 39 8 8
39 7 8 8
7 40 4 4
40 7 4 4
7 41 10 10
41 7 10 10
7 42 8 8
42 7 8 8
7 43 5 5
43 7 5 5
7 44 9 9
44 7 9 9
7 45 4 4
45 7 4 4
7 46 8 8
46 7 8 8
7 47 3 3
47 7 3 3
7 48 8 8
48 7 8 8
7 49 10 10
49 7 10 10
7 50 5 5
50 7 5 5
8 9 5 5
9 8 5 5
8 10 9 9
10 8 9 9
8 11 7 7
11 8 7 7
8 12 7 7
12 8 7 7
8 13 6 6
13 8 6 6
8 14 1 1
14 8 1 1
8 15 5 5
15 8 5 5
8 16 8 8
16 8 8 8
8 17 10 10
17 8 10 10
8 18 6 6
18 8 6 6
8 19 2 2
19 8 2 2
8 20 10 10
20 8 10 10
8 21 7 7
21 8 7 7
8 22 3 3
22 8 3 3
8 23 9 9
23 8 9 9
8 24 6 6
24 8 6 6
8 25 10 10
25 8 10 10
8 26 6 6
26 8 6 6
8 27 9 9
27 8 9 9
8 28 9 9
28 8 9 9
8 29 2 2
29 8 2 2
8 30 2 2
30 8 2 2
8 31 3 3
31 8 3 3
8 32 4 4
32 8 4 4
8 33 9 9
33 8 9 9
8 34 8 8
34 8 8 8
8 35 9 9
35 8 9 9
8 36 3 3
36 8 3 3
8 37 5 5
37 8 5 5
8 38 4 4
38 8 4 4
8 39 1 1
39 8 1 1
8 40 1 1
40 8 1 1
8 41 2 2
41 8 2 2
8 42 4 4
42 8 4 4
8 43 10 10
43 8 10 10
8 44 1 1
44 8 1 1
8 45 4 4
45 8 4 4
8 46 4 4
46 8 4 4
8 47 6 6
47 8 6 6
8 48 1 1
48 8 1 1
8 49 4 4
49 8 4 4
8 50 10 10
50 8 10 10
9 10 3 3
10 9 3 3
9 11 2 2
11 9 2 2
9 12 10 10
12 9 10 10
9 13 9 9
13 9 9 9
9 14 4 4
14 9 4 4
9 15 7 7
15 9 7 7
9 16 3 3
16 9 3 3
9 17 3 3
17 9 3 3
9 18 2 2
18 9 2 2
9 19 10 10
19 9 10 10
9 20 4 4
20 9 4 4
9 21 8 8
21 9 8 8
9 22 10 10
22 9 10 10
9 23 10 10
23 9 10 10
9 24 8 8
24 9 8 8
9 25 10 10
25 9 10 10
9 26 8 8
26 9 8 8
9 27 5 5
27 9 5 5
9 28 6 6
28 9 6 6
9 29 9 9
29 9 9 9
9 30 2 2
30 9 2 2
9 31 8 8
31 9 8 8
9 32 8 8
32 9 8 8
9 33 3 3
33 9 3 3
9 34 1 1
34 9 1 1
9 35 6 6
35 9 6 6
9 36 10 10
36 9 10 10
9 37 10 10
37 9 10 10
9 38 8 8
38 9 8 8
9 39 7 7
39 9 7 7
9 40 4 4
40 9 4 4
9 41 1 1
41 9 1 1
9 42 2 2
42 9 2 2
9 43 4 4
43 9 4 4
9 44 7 7
44 9 7 7
9 45 3 3
45 9 3 3
9 46 5 5
46 9 5 5
9 47 9 9
47 9 9 9
9 48 9 9
48 9 9 9
9 49 4 4
49 9 4 4
9 50 6 6
50 9 6 6
10 11 3 3
11 10 3 3
10 12 6 6
12 10 6 6
10 13 6 6
13 10 6 6
10 14 5 5
14 10 5 5
10 15 4 4
15 10 4 4
10 16 8 8
16 10 8 8
10 17 1 1
17 10 1 1
10 18 1 1
18 10 1 1
10 19 3 3
19 10 3 3
10 20 6 6
20 10 6 6
10 21 3 3
21 10 3 3
10 22 6 6
22 10 6 6
10 23 7 7
23 10 7 7
10 24 3 3
24 10 3 3
10 25 3 3
25 10 3 3
10 26 7 7
26 10 7 7
10 27 7 7
27 10 7 7
10 28 7 7
28 10 7 7
10 29 9 9
29 10 9 9
10 30 8 8
30 10 8 8
10 31 1 1
31 10 1 1
10 32 8 8
32 10 8 8
10 33 3 3
33 10 3 3
10 34 1 1
34 10 1 1
10 35 3 3
35 10 3 3
10 36 1 1
36 10 1 1
10 37 8 8
37 10 8 8
10 38 2 2
38 10 2 2
10 39 1 1
39 10 1 1
10 40 1 1
40 10 1 1
10 41 1 1
41 10 1 1
10 42 10 10
42 10 10 10
10 43 9 9
43 10 9 9
10 44 1 1
44 10 1 1
10 45 5 5
45 10 5 5
10 46 6 6
46 10 6 6
10 47 5 5
47 10 5 5
10 48 7 7
48 10 7 7
10 49 10 10
49 10 10 10
10 50 8 8
50 10 8 8
11 12 1 1
12 11 1 1
11 13 1 1
13 11 1 1
11 14 5 5
14 11 5 5
11 15 10 10
15 11 10 10
11 16 10 10
16 11 10 10
11 17 2 2
17 11 2 2
11 18 2 2
18 11 2 2
11 19 2 2
19 11 2 2
11 20 6 6
20 11 6 6
11 21 3 3
21 11 3 3
11 22 8 8
22 11 8 8
11 23 10 10
23 11 10 10
11 24 3 3
24 11 3 3
11 25 2 2
25 11 2 2
11 26 6 6
26 11 6 6
11 27 4 4
27 11 4 4
11 28 3 3
28 11 3 3
11 29 10 10
29 11 10 10
11 30 10 10
30 11 10 10
11 31 5 5
31 11 5 5
11 32 2 2
32 11 2 2
11 33 5 5
33 11 5 5
11 34 10 10
34 11 10 10
11 35 3 3
35 11 3 3
11 36 8 8
36 11 8 8
11 37 4 4
37 11 4 4
11 38 2 2
38 11 2 2
11 39 6 6
39 11 6 6
11 40 9 9
40 11 9 9
11 41 2 2
41 11 2 2
11 42 8 8
42 11 8 8
11 43 4 4
43 11 4 4
11 44 5 5
44 11 5 5
11 45 1 1
45 11 1 1
11 46 3 3
46 11 3 3
11 47 5 5
47 11 5 5
11 48 4 4
48 11 4 4
11 49 3 3
49 11 3 3
11 50 2 2
50 11 2 2
12 13 3 3
13 12 3 3
12 14 1 1
14 12 1 1
12 15 5 5
15 12 5 5
12 16 4 4
16 12 4 4
12 17 5 5
17 12 5 5
12 18 7 7
18 12 7 7
12 19 6 6
19 12 6 6
12 20 8 8
20 12 8 8
12 21 4 4
21 12 4 4
12 22 6 6
22 12 6 6
12 23 1 1
23 12 1 1
12 24 9 9
24 12 9 9
12 25 3 3
25 12 3 3
12 26 6 6
26 12 6 6
12 27 6 6
27 12 6 6
12 28 4 4
28 12 4 4
12 29 5 5
29 12 5 5
12 30 4 4
30 12 4 4
12 31 6 6
31 12 6 6
12 32 3 3
32 12 3 3
12 33 9 9
33 12 9 9
12 34 4 4
34 12 4 4
12 35 8 8
35 12 8 8
12 36 10 10
36 12 10 10
12 37 4 4
37 12 4 4
12 38 8 8
38 12 8 8
12 39 8 8
39 12 8 8
12 40 5 5
40 12 5 5
12 41 3 3
41 12 3 3
12 42 8 8
42 12 8 8
12 43 6 6
43 12 6 6
12 44 8 8
44 12 8 8
12 45 10 10
45 12 10 10
12 46 10 10
46 12 10 10
12 47 3 3
47 12 3 3
12 48 7 7
48 12 7 7
12 49 4 4
49 12 4 4
12 50 10 10
50 12 10 10
13 14 9 9
14 13 9 9
13 15 2 2
15 13 2 2
13 16 8 8
16 13 8 8
13 17 6 6
17 13 6 6
13 18 5 5
18 13 5 5
13 19 7 7
19 13 7 7
13 20 2 2
20 13 2 2
13 21 10 10
21 13 10 10
13 22 4 4
22 13 4 4
13 23 7 7
23 13 7 7
13 24 6 6
24 13 6 6
13 25 8 8
25 13 8 8
13 26 1 1
26 13 1 1
13 27 6 6
27 13 6 6
13 28 2 2
28 13 2 2
13 29 1 1
29 13 1 1
13 30 5 5
30 13 5 5
13 31 3 3
31 13 3 3
13 32 9 9
32 13 9 9
13 33 10 10
33 13 10 10
13 34 5 5
34 13 5 5
13 35 9 9
35 13 9 9
13 36 7 7
36 13 7 7
13 37 3 3
37 13 3 3
13 38 8 8
38 13 8 8
13 39 6 6
39 13 6 6
13 40 9 9
40 13 9 9
13 41 8 8
41 13 8 8
13 42 6 6
42 13 6 6
13 43 3 3
43 13 3 3
13 44 10 10
44 13 10 10
13 45 10 10
45 13 10 10
13 46 2 2
46 13 2 2
13 47 8 8
47 13 8 8
13 48 3 3
48 13 3 3
13 49 7 7
49 13 7 7
13 50 10 10
50 13 10 10
14 15 3 3
15 14 3 3
14 16 10 10
16 14 10 10
14 17 2 2
17 14 2 2
14 18 2 2
18 14 2 2
14 19 2 2
19 14 2 2
14 20 6 6
20 14 6 6
14 21 4 4
21 14 4 4
14 22 2 2
22 14 2 2
14 23 3 3
23 14 3 3
14 24 4 4
24 14 4 4
14 25 9 9
25 14 9 9
14 26 5 5
26 14 5 5
14 27 8 8
27 14 8 8
14 28 5 5
28 14 5 5
14 29 5 5
29 14 5 5
14 30 6 6
30 14 6 6
14 31 2 2
31 14 2 2
14 32 10 10
32 14 10 10
14 33 1 1
33 14 1 1
14 34 3 3
34 14 3 3
14 35 2 2
35 14 2 2
14 36 10 10
36 14 10 10
14 37 2 2
37 14 2 2
14 38 7 7
38 14 7 7
14 39 7 7
39 14 7 7
14 40 8 8
40 14 8 8
14 41 3 3
41 14 3 3
14 42 4 4
42 14 4 4
14 43 7 7
43 14 7 7
14 44 2 2
44 14 2 2
14 45 5 5
45 14 5 5
14 46 1 1
46 14 1 1
14 47 2 2
47 14 2 2
14 48 7 7
48 14 7 7
14 49 9 9
49 14 9 9
14 50 5 5
50 14 5 5
15 16 1 1
16 15 1 1
15 17 4 4
17 15 4 4
15 18 4 4
18 15 4 4
15 19 1 1
19 15 1 1
15 20 9 9
20 15 9 9
15 21 6 6
21 15 6 6
15 22 5 5
22 15 5 5
15 23 5 5
23 15 5 5
15 24 8 8
24 15 8 8
15 25 9 9
25 15 9 9
15 26 5 5
26 15 5 5
15 27 10 10
27 15 10 10
15 28 2 2
28 15 2 2
15 29 6 6
29 15 6 6
15 30 8 8
30 15 8 8
15 31 9 9
31 15 9 9
15 32 10 10
32 15 10 10
15 33 8 8
33 15 8 8
15 34 3 3
34 15 3 3
15 35 10 10
35 15 10 10
15 36 9 9
36 15 9 9
15 37 3 3
37 15 3 3
15 38 1 1
38 15 1 1
15 39 9 9
39 15 9 9
15 40 1 1
40 15 1 1
15 41 7 7
41 15 7 7
15 42 3 3
42 15 3 3
15 43 3 3
43 15 3 3
15 44 7 7
44 15 7 7
15 45 7 7
45 15 7 7
15 46 5 5
46 15 5 5
15 47 5 5
47 15 5 5
15 48 10 10
48 15 10 10
15 49 5 5
49 15 5 5
15 50 2 2
50 15 2 2
16 17 2 2
17 16 2 2
16 18 7 7
18 16 7 7
16 19 8 8
19 16 8 8
16 20 2 2
20 16 2 2
16 21 2 2
21 16 2 2
16 22 9 9
22 16 9 9
16 23 10 10
23 16 10 10
16 24 3 3
24 16 3 3
16 25 1 1
25 16 1 1
16 26 8 8
26 16 8 8
16 27 2 2
27 16 2 2
16 28 10 10
28 16 10 10
16 29 8 8
29 16 8 8
16 30 1 1
30 16 1 1
16 31 2 2
31 16 2 2
16 32 4 4
32 16 4 4
16 33 10 10
33 16 10 10
16 34 5 5
34 16 5 5
16 35 5 5
35 16 5 5
16 36 4 4
36 16 4 4
16 37 10 10
37 16 10 10
16 38 10 10
38 16 10 10
16 39 4 4
39 16 4 4
16 40 2 2
40 16 2 2
16 41 4 4
41 16 4 4
16 42 5 5
42 16 5 5
16 43 4 4
43 16 4 4
16 44 2 2
44 16 2 2
16 45 8 8
45 16 8 8
16 46 7 7
46 16 7 7
16 47 5 5
47 16 5 5
16 48 8 8
48 16 8 8
16 49 5 5
49 16 5 5
16 50 5 5
50 16 5 5
17 18 6 6
18 17 6 6
17 19 2 2
19 17 2 2
17 20 1 1
20 17 1 1
17 21 6 6
21 17 6 6
17 22 7 7
22 17 7 7
17 23 9 9
23 17 9 9
17 24 5 5
24 17 5 5
17 25 4 4
25 17 4 4
17 26 3 3
26 17 3 3
17 27 5 5
27 17 5 5
17 28 8 8
28 17 8 8
17 29 9 9
29 17 9 9
17 30 2 2
30 17 2 2
17 31 4 4
31 17 4 4
17 32 6 6
32 17 6 6
17 33 9 9
33 17 9 9
17 34 3 3
34 17 3 3
17 35 4 4
35 17 4 4
17 36 3 3
36 17 3 3
17 37 5 5
37 17 5 5
17 38 4 4
38 17 4 4
17 39 1 1
39 17 1 1
17 40 4 4
40 17 4 4
17 41 3 3
41 17 3 3
17 42 7 7
42 17 7 7
17 43 9 9
43 17 9 9
17 44 8 8
44 17 8 8
17 45 4 4
45 17 4 4
17 46 2 2
46 17 2 2
17 47 10 10
47 17 10 10
17 48 10 10
48 17 10 10
17 49 9 9
49 17 9 9
17 50 1 1
50 17 1 1
18 19 3 3
19 18 3 3
18 20 5 5
20 18 5 5
18 21 3 3
21 18 3 3
18 22 3 3
22 18 3 3
18 23 4 4
23 18 4 4
18 24 9 9
24 18 9 9
18 25 1 1
25 18 1 1
18 26 10 10
26 18 10 10
18 27 7 7
27 18 7 7
18 28 9 9
28 18 9 9
18 29 4 4
29 18 4 4
18 30 3 3
30 18 3 3
18 31 5 5
31 18 5 5
18 32 3 3
32 18 3 3
18 33 9 9
33 18 9 9
18 34 2 2
34 18 2 2
18 35 5 5
35 18 5 5
18 36 3 3
36 18 3 3
18 37 8 8
37 18 8 8
18 38 9 9
38 18 9 9
18 39 2 2
39 18 2 2
18 40 7 7
40 18 7 7
18 41 6 6
41 18 6 6
18 42 8 8
42 18 8 8
18 43 8 8
43 18 8 8
18 44 4 4
44 18 4 4
18 45 2 2
45 18 2 2
18 46 8 8
46 18 8 8
18 47 8 8
47 18 8 8
18 48 2 2
48 18 2 2
18 49 4 4
49 18 4 4
18 50 4 4
50 18 4 4
19 20 5 5
20 19 5 5
19 21 4 4
21 19 4 4
19 22 8 8
22 19 8 8
19 23 4 4
23 19 4 4
19 24 10 10
24 19 10 10
19 25 1 1
25 19 1 1
19 26 10 10
26 19 10 10
19 27 7 7
27 19 7 7
19 28 3 3
28 19 3 3
19 29 6 6
29 19 6 6
19 30 9 9
30 19 9 9
19 31 3 3
31 19 3 3
19 32 7 7
32 19 7 7
19 33 5 5
33 19 5 5
19 34 5 5
34 19 5 5
19 35 4 4
35 19 4 4
19 36 5 5
36 19 5 5
19 37 7 7
37 19 7 7
19 38 3 3
38 19 3 3
19 39 3 3
39 19 3 3
19 40 6 6
40 19 6 6
19 41 8 8
41 19 8 8
19 42 8 8
42 19 8 8
19 43 1 1
43 19 1 1
19 44 9 9
44 19 9 9
19 45 9 9
45 19 9 9
19 46 5 5
46 19 5 5
19 47 9 9
47 19 9 9
19 48 6 6
48 19 6 6
19 49 10 10
49 19 10 10
19 50 3 3
50 19 3 3
20 21 4 4
21 20 4 4
20 22 4 4
22 20 4 4
20 23 6 6
23 20 6 6
20 24 3 3
24 20 3 3
20 25 9 9
25 20 9 9
20 26 3 3
26 20 3 3
20 27 6 6
27 20 6 6
20 28 9 9
28 20 9 9
20 29 10 10
29 20 10 10
20 30 2 2
30 20 2 2
20 31 5 5
31 20 5 5
20 32 9 9
32 20 9 9
20 33 1 1
33 20 1 1
20 34 3 3
34 20 3 3
20 35 6 6
35 20 6 6
20 36 10 10
36 20 10 10
20 37 8 8
37 20 8 8
20 38 2 2
38 20 2 2
20 39 3 3
39 20 3 3
20 40 1 1
40 20 1 1
20 41 2 2
41 20 2 2
20 42 10 10
42 20 10 10
20 43 7 7
43 20 7 7
20 44 3 3
44 20 3 3
20 45 9 9
45 20 9 9
20 46 3 3
46 20 3 3
20 47 7 7
47 20 7 7
20 48 2 2
48 20 2 2
20 49 6 6
49 20 6 6
20 50 10 10
50 20 10 10
21 22 2 2
22 21 2 2
21 23 8 8
23 21 8 8
21 24 2 2
24 21 2 2
21 25 10 10
25 21 10 10
21 26 5 5
26 21 5 5
21 27 7 7
27 21 7 7
21 28 10 10
28 21 10 10
21 29 2 2
29 21 2 2
21 30 8 8
30 21 8 8
21 31 5 5
31 21 5 5
21 32 8 8
32 21 8 8
21 33 5 5
33 21 5 5
21 34 7 7
34 21 7 7
21 35 1 1
35 21 1 1
21 36 1 1
36 21 1 1
21 37 4 4
37 21 4 4
21 38 10 10
38 21 10 10
21 39 10 10
39 21 10 10
21 40 8 8
40 21 8 8
21 41 1 1
41 21 1 1
21 42 3 3
42 21 3 3
21 43 5 5
43 21 5 5
21 44 1 1
44 21 1 1
21 45 6 6
45 21 6 6
21 46 5 5
46 21 5 5
21 47 1 1
47 21 1 1
21 48 8 8
48 21 8 8
21 49 6 6
49 21 6 6
21 50 10 10
50 21 10 10
22 23 4 4
23 22 4 4
22 24 3 3
24 22 3 3
22 25 8 8
25 22 8 8
22 26 1 1
26 22 1 1
22 27 1 1
27 22 1 1
22 28 6 6
28 22 6 6
22 29 1 1
29 22 1 1
22 30 4 4
30 22 4 4
22 31 5 5
31 22 5 5
22 32 1 1
32 22 1 1
22 33 4 4
33 22 4 4
22 34 8 8
34 22 8 8
22 35 4 4
35 22 4 4
22 36 8 8
36 22 8 8
22 37 3 3
37 22 3 3
22 38 4 4
38 22 4 4
22 39 6 6
39 22 6 6
22 40 8 8
40 22 8 8
22 41 4 4
41 22 4 4
22 42 4 4
42 22 4 4
22 43 3 3
43 22 3 3
22 44 7 7
44 22 7 7
22 45 10 10
45 22 10 10
22 46 6 6
46 22 6 6
22 47 9 9
47 22 9 9
22 48 10 10
48 22 10 10
22 49 2 2
49 22 2 2
22 50 6 6
50 22 6 6
23 24 7 7
24 23 7 7
23 25 3 3
25 23 3 3
23 26 8 8
26 23 8 8
23 27 6 6
27 23 6 6
23 28 1 1
28 23 1 1
23 29 1 1
29 23 1 1
23 30 4 4
30 23 4 4
23 31 6 6
31 23 6 6
23 32 5 5
32 23 5 5
23 33 3 3
33 23 3 3
23 34 5 5
34 23 5 5
23 35 1 1
35 23 1 1
23 36 7 7
36 23 7 7
23 37 9 9
37 23 9 9
23 38 7 7
38 23 7 7
23 39 5 5
39 23 5 5
23 40 9 9
40 23 9 9
23 41 6 6
41 23 6 6
23 42 1 1
42 23 1 1
23 43 2 2
43 23 2 2
23 44 4 4
44 23 4 4
23 45 9 9
45 23 9 9
23 46 1 1
46 23 1 1
23 47 5 5
47 23 5 5
23 48 6 6
48 23 6 6
23 49 8 8
49 23 8 8
23 50 1 1
50 23 1 1
24 25 7 7
25 24 7 7
24 26 2 2
26 24 2 2
24 27 4 4
27 24 4 4
24 28 10 10
28 24 10 10
24 29 3 3
29 24 3 3
24 30 2 2
30 24 2 2
24 31 4 4
31 24 4 4
24 32 7 7
32 24 7 7
24 33 3 3
33 24 3 3
24 34 5 5
34 24 5 5
24 35 7 7
35 24 7 7
24 36 10 10
36 24 10 10
24 37 6 6
37 24 6 6
24 38 8 8
38 24 8 8
24 39 4 4
39 24 4 4
24 40 6 6
40 24 6 6
24 41 9 9
41 24 9 9
24 42 2 2
42 24 2 2
24 43 8 8
43 24 8 8
24 44 3 3
44 24 3 3
24 45 3 3
45 24 3 3
24 46 7 7
46 24 7 7
24 47 8 8
47 24 8 8
24 48 8 8
48 24 8 8
24 49 1 1
49 24 1 1
24 50 10 10
50 24 10 10
25 26 8 8
26 25 8 8
25 27 7 7
27 25 7 7
25 28 2 2
28 25 2 2
25 29 7 7
29 25 7 7
25 30 2 2
30 25 2 2
25 31 3 3
31 25 3 3
25 32 8 8
32 25 8 8
25 33 6 6
33 25 6 6
25 34 5 5
34 25 5 5
25 35 2 2
35 25 2 2
25 36 5 5
36 25 5 5
25 37 10 10
37 25 10 10
25 38 4 4
38 25 4 4
25 39 3 3
39 25 3 3
25 40 4 4
40 25 4 4
25 41 9 9
41 25 9 9
25 42 7 7
42 25 7 7
25 43 2 2
43 25 2 2
25 44 8 8
44 25 8 8
25 45 3 3
45 25 3 3
25 46 10 10
46 25 10 10
25 47 1 1
47 25 1 1
25 48 6 6
48 25 6 6
25 49 10 10
49 25 10 10
25 50 4 4
50 25 4 4
26 27 5 5
27 26 5 5
26 28 6 6
28 26 6 6
26 29 9 9
29 26 9 9
26 30 6 6
30 26 6 6
26 31 1 1
31 26 1 1
26 32 6 6
32 26 6 6
26 33 6 6
33 26 6 6
26 34 4 4
34 26 4 4
26 35 5 5
35 26 5 5
26 36 9 9
36 26 9 9
26 37 10 10
37 26 10 10
26 38 6 6
38 26 6 6
26 39 7 7
39 26 7 7
26 40 6 6
40 26 6 6
26 41 7 7
41 26 7 7
26 42 10 10
42 26 10 10
26 43 1 1
43 26 1 1
26 44 4 4
44 26 4 4
26 45 6 6
45 26 6 6
26 46 3 3
46 26 3 3
26 47 4 4
47 26 4 4
26 48 3 3
48 26 3 3
26 49 2 2
49 26 2 2
26 50 4 4
50 26 4 4
27 28 8 8
28 27 8 8
27 29 10 10
29 27 10 10
27 30 10 10
30 27 10 10
27 31 5 5
31 27 5 5
27 32 5 5
32 27 5 5
27 33 3 3
33 27 3 3
27 34 9 9
34 27 9 9
27 35 5 5
35 27 5 5
27 36 10 10
36 27 10 10
27 37 4 4
37 27 4 4
27 38 1 1
38 27 1 1
27 39 1 1
39 27 1 1
27 40 5 5
40 27 5 5
27 41 5 5
41 27 5 5
27 42 1 1
42 27 1 1
27 43 3 3
43 27 3 3
27 44 1 1
44 27 1 1
27 45 6 6
45 27 6 6
27 46 7 7
46 27 7 7
27 47 1 1
47 27 1 1
27 48 2 2
48 27 2 2
27 49 8 8
49 27 8 8
27 50 4 4
50 27 4 4
28 29 10 10
29 28 10 10
28 30 7 7
30 28 7 7
28 31 4 4
31 28 4 4
28 32 1 1
32 28 1 1
28 33 8 8
33 28 8 8
28 34 8 8
34 28 8 8
28 35 1 1
35 28 1 1
28 36 4 4
36 28 4 4
28 37 8 8
37 28 8 8
28 38 4 4
38 28 4 4
28 39 4 4
39 28 4 4
28 40 6 6
40 28 6 6
28 41 4 4
41 28 4 4
28 42 8 8
42 28 8 8
28 43 6 6
43 28 6 6
28 44 3 3
44 28 3 3
28 45 6 6
45 28 6 6
28 46 4 4
46 28 4 4
28 47 2 2
47 28 2 2
28 48 10 10
48 28 10 10
28 49 1 1
49 28 1 1
28 50 7 7
50 28 7 7
29 30 1 1
30 29 1 1
29 31 6 6
31 29 6 6
29 32 4 4
32 29 4 4
29 33 8 8
33 29 8 8
29 34 10 10
34 29 10 10
29 35 10 10
35 29 10 10
29 36 9 9
36 29 9 9
29 37 10 10
37 29 10 10
29 38 3 3
38 29 3 3
29 39 9 9
39 29 9 9
29 40 7 7
40 29 7 7
29 41 9 9
41 29 9 9
29 42 8 8
42 29 8 8
29 43 5 5
43 29 5 5
29 44 10 10
44 29 10 10
29 45 6 6
45 29 6 6
29 46 7 7
46 29 7 7
29 47 2 2
47 29 2 2
29 48 7 7
48 29 7 7
29 49 3 3
49 29 3 3
29 50 7 7
50 29 7 7
30 31 5 5
31 30 5 5
30 32 10 10
32 30 10 10
30 33 7 7
33 30 7 7
30 34 8 8
34 30 8 8
30 35 7 7
35 30 7 7
30 36 6 6
36 30 6 6
30 37 9 9
37 30 9 9
30 38 8 8
38 30 8 8
30 39 4 4
39 30 4 4
30 40 2 2
40 30 2 2
30 41 3 3
41 30 3 3
30 42 2 2
42 30 2 2
30 43 8 8
43 30 8 8
30 44 7 7
44 30 7 7
30 45 6 6
45 30 6 6
30 46 8 8
46 30 8 8
30 47 3 3
47 30 3 3
30 48 1 1
48 30 1 1
30 49 2 2
49 30 2 2
30 50 9 9
50 30 9 9
31 32 1 1
32 31 1 1
31 33 8 8
33 31 8 8
31 34 5 5
34 31 5 5
31 35 7 7
35 31 7 7
31 36 8 8
36 31 8 8
31 37 1 1
37 31 1 1
31 38 1 1
38 31 1 1
31 39 6 6
39 31 6 6
31 40 10 10
40 31 10 10
31 41 3 3
41 31 3 3
31 42 9 9
42 31 9 9
31 43 6 6
43 31 6 6
31 44 2 2
44 31 2 2
31 45 9 9
45 31 9 9
31 46 2 2
46 31 2 2
31 47 6 6
47 31 6 6
31 48 2 2
48 31 2 2
31 49 10 10
49 31 10 10
31 50 5 5
50 31 5 5
32 33 8 8
33 32 8 8
32 34 6 6
34 32 6 6
32 35 5 5
35 32 5 5
32 36 7 7
36 32 7 7
32 37 3 3
37 32 3 3
32 38 2 2
38 32 2 2
32 39 1 1
39 32 1 1
32 40 2 2
40 32 2 2
32 41 6 6
41 32 6 6
32 42 9 9
42 32 9 9
32 43 6 6
43 32 6 6
32 44 8 8
44 32 8 8
32 45 8 8
45 32 8 8
32 46 4 4
46 32 4 4
32 47 10 10
47 32 10 10
32 48 3 3
48 32 3 3
32 49 3 3
49 32 3 3
32 50 5 5
50 32 5 5
33 34 4 4
34 33 4 4
33 35 8 8
35 33 8 8
33 36 3 3
36 33 3 3
33 37 7 7
37 33 7 7
33 38 4 4
38 33 4 4
33 39 3 3
39 33 3 3
33 40 2 2
40 33 2 2
33 41 9 9
41 33 9 9
33 42 10 10
42 33 10 10
33 43 1 1
43 33 1 1
33 44 6 6
44 33 6 6
33 45 9 9
45 33 9 9
33 46 6 6
46 33 6 6
33 47 9 9
47 33 9 9
33 48 7 7
48 33 7 7
33 49 2 2
49 33 2 2
33 50 1 1
50 33 1 1
34 35 10 10
35 34 10 10
34 36 3 3
36 34 3 3
34 37 1 1
37 34 1 1
34 38 8 8
38 34 8 8
34 39 5 5
39 34 5 5
34 40 3 3
40 34 3 3
34 41 5 5
41 34 5 5
34 42 10 10
42 34 10 10
34 43 10 10
43 34 10 10
34 44 2 2
44 34 2 2
34 45 1 1
45 34 1 1
34 46 4 4
46 34 4 4
34 47 3 3
47 34 3 3
34 48 10 10
48 34 10 10
34 49 1 1
49 34 1 1
34 50 3 3
50 34 3 3
35 36 1 1
36 35 1 1
35 37 8 8
37 35 8 8
35 38 1 1
38 35 1 1
35 39 1 1
39 35 1 1
35 40 1 1
40 35 1 1
35 41 7 7
41 35 7 7
35 42 9 9
42 35 9 9
35 43 3 3
43 35 3 3
35 44 1 1
44 35 1 1
35 45 8 8
45 35 8 8
35 46 8 8
46 35 8 8
35 47 5 5
47 35 5 5
35 48 2 2
48 35 2 2
35 49 9 9
49 35 9 9
35 50 4 4
50 35 4 4
36 37 4 4
37 36 4 4
36 38 5 5
38 36 5 5
36 39 10 10
39 36 10 10
36 40 2 2
40 36 2 2
36 41 9 9
41 36 9 9
36 42 3 3
42 36 3 3
36 43 6 6
43 36 6 6
36 44 7 7
44 36 7 7
36 45 1 1
45 36 1 1
36 46 10 10
46 36 10 10
36 47 6 6
47 36 6 6
36 48 4 4
48 36 4 4
36 49 3 3
49 36 3 3
36 50 7 7
50 36 7 7
37 38 6 6
38 37 6 6
37 39 1 1
39 37 1 1
37 40 10 10
40 37 10 10
37 41 7 7
41 37 7 7
37 42 6 6
42 37 6 6
37 43 1 1
43 37 1 1
37 44 9 9
44 37 9 9
37 45 3 3
45 37 3 3
37 46 8 8
46 37 8 8
37 47 7 7
47 37 7 7
37 48 1 1
48 37 1 1
37 49 4 4
49 37 4 4
37 50 7 7
50 37 7 7
38 39 7 7
39 38 7 7
38 40 5 5
40 38 5 5
38 41 3 3
41 38 3 3
38 42 3 3
42 38 3 3
38 43 2 2
43 38 2 2
38 44 1 1
44 38 1 1
38 45 1 1
45 38 1 1
38 46 9 9
46 38 9 9
38 47 5 5
47 38 5 5
38 48 6 6
48 38 6 6
38 49 10 10
49 38 10 10
38 50 6 6
50 38 6 6
39 40 3 3
40 39 3 3
39 41 10 10
41 39 10 10
39 42 5 5
42 39 5 5
39 43 4 4
43 39 4 4
39 44 8 8
44 39 8 8
39 45 9 9
45 39 9 9
39 46 5 5
46 39 5 5
39 47 5 5
47 39 5 5
39 48 1 1
48 39 1 1
39 49 6 6
49 39 6 6
39 50 2 2
50 39 2 2
40 41 8 8
41 40 8 8
40 42 1 1
42 40 1 1
40 43 7 7
43 40 7 7
40 44 7 7
44 40 7 7
40 45 3 3
45 40 3 3
40 46 10 10
46 40 10 10
40 47 6 6
47 40 6 6
40 48 10 10
48 40 10 10
40 49 3 3
49 40 3 3
40 50 3 3
50 40 3 3
41 42 9 9
42 41 9 9
41 43 7 7
43 41 7 7
41 44 2 2
44 41 2 2
41 45 4 4
45 41 4 4
41 46 2 2
46 41 2 2
41 47 1 1
47 41 1 1
41 48 1 1
48 41 1 1
41 49 6 6
49 41 6 6
41 50 6 6
50 41 6 6
42 43 9 9
43 42 9 9
42 44 6 6
44 42 6 6
42 45 4 4
45 42 4 4
42 46 8 8
46 42 8 8
42 47 8 8
47 42 8 8
42 48 5 5
48 42 5 5
42 49 1 1
49 42 1 1
42 50 10 10
50 42 10 10
43 44 2 2
44 43 2 2
43 45 7 7
45 43 7 7
43 46 9 9
46 43 9 9
43 47 6 6
47 43 6 6
43 48 9 9
48 43 9 9
43 49 8 8
49 43 8 8
43 50 9 9
50 43 9 9
44 45 2 2
45 44 2 2
44 46 10 10
46 44 10 10
44 47 1 1
47 44 1 1
44 48 6 6
48 44 6 6
44 49 10 10
49 44 10 10
44 50 10 10
50 44 10 10
45 46 9 9
46 45 9 9
45 47 3 3
47 45 3 3
45 48 7 7
48 45 7 7
45 49 7 7
49 45 7 7
45 50 4 4
50 45 4 4
46 47 10 10
47 46 10 10
46 48 8 8
48 46 8 8
46 49 7 7
49 46 7 7
46 50 7 7
50 46 7 7
47 48 4 4
48 47 4 4
47 49 2 2
49 47 2 2
47 50 3 3
50 47 3 3
48 49 8 8
49 48 8 8
48 50 5 5
50 48 5 5
49 50 3 3
50 49 3 3
