40
3
7
2
39
18
1
1
1 2 9 9
1 3 8 8
1 4 5 5
1 5 5 5
1 6 5 5
1 7 4 4
1 8 5 5
1 9 5 5
1 10 5 5
1 11 5 5
1 12 4 4
1 13 3 3
1 14 4 4
1 15 5 5
1 16 4 4
1 17 1 1
1 18 1 1
1 19 5 5
1 20 5 5
1 21 8 8
1 22 6 6
1 23 5 5
1 24 4 4
1 25 3 3
1 26 9 9
1 27 6 6
1 28 7 7
1 29 6 6
1 30 6 6
1 31 4 4
1 32 4 4
1 33 4 4
1 34 7 7
1 35 3 3
1 36 6 6
1 37 5 5
1 38 3 3
1 39 8 8
1 40 4 4
2 3 4 4
2 4 7 7
2 5 6 6
2 6 6 6
2 7 6 6
2 8 7 7
2 9 5 5
2 10 7 7
2 11 7 7
2 12 4 4
2 13 3 3
2 14 2 2
2 15 6 6
2 16 7 7
2 17 5 5
2 18 4 4
2 19 9 9
2 20 5 5
2 21 3 3
2 22 2 2
2 23 4 4
2 24 2 2
2 25 5 5
2 26 4 4
2 27 5 5
2 28 9 9
2 29 3 3
2 30 4 4
2 31 4 4
2 32 5 5
2 33 3 3
2 34 4 4
2 35 6 6
2 36 5 5
2 37 3 3
2 38 6 6
2 39 1 1
2 40 8 8
3 4 7 7
3 5 2 2
3 6 8 8
3 7 5 5
3 8 6 6
3 9 7 7
3 10 7 7
3 11 8 8
3 12 4 4
3 13 10 10
3 14 3 3
3 15 8 8
3 16 1 1
3 17 3 3
3 18 8 8
3 19 5 5
3 20 4 4
3 21 6 6
3 22 9 9
3 23 5 5
3 24 4 4
3 25 7 7
3 26 2 2
3 27 10 10
3 28 2 2
3 29 4 4
3 30 7 7
3 31 2 2
3 32 3 3
3 33 3 3
3 34 1 1
3 35 6 6
3 36 6 6
3 37 7 7
3 38 4 4
3 39 5 5
3 40 9 9
4 5 6 6
4 6 4 4
4 7 7 7
4 8 4 4
4 9 6 6
4 10 5 5
4 11 7 7
4 12 6 6
4 13 7 7
4 14 9 9
4 15 7 7
4 16 4 4
4 17 5 5
4 18 5 5
4 19 6 6
4 20 6 6
4 21 2 2
4 22 4 4
4 23 6 6
4 24 8 8
4 25 6 6
4 26 5 5
4 27 6 6
4 28 1 1
4 29 7 7
4 30 5 5
4 31 3 3
4 32 10 10
4 33 3 3
4 34 1 1
4 35 6 6
4 36 4 4
4 37 4 4
4 38 4 4
4 39 4 4
4 40 7 7
5 6 6 6
5 7 7 7
5 8 5 5
5 9 3 3
5 10 3 3
5 11 7 7
5 12 2 2
5 13 4 4
5 14 5 5
5 15 7 7
5 16 6 6
5 17 3 3
5 18 3 3
5 19 8 8
5 20 5 5
5 21 7 7
5 22 5 5
5 23 5 5
5 24 3 3
5 25 5 5
5 26 7 7
5 27 2 2
5 28 6 6
5 29 8 8
5 30 6 6
5 31 7 7
5 32 4 4
5 33 3 3
5 34 8 8
5 35 10 10
5 36 2 2
5 37 4 4
5 38 5 5
5 39 5 5
5 40 6 6
6 7 3 3
6 8 5 5
6 9 5 5
6 10 7 7
6 11 5 5
6 12 9 9
6 13 3 3
6 14 6 6
6 15 4 4
6 16 3 3
6 17 8 8
6 18 4 4
6 19 8 8
6 20 3 3
6 21 4 4
6 22 7 7
6 23 4 4
6 24 2 2
6 25 5 5
6 26 8 8
6 27 6 6
6 28 6 6
6 29 7 7
6 30 7 7
6 31 4 4
6 32 7 7
6 33 6 6
6 34 4 4
6 35 4 4
6 36 5 5
6 37 7 7
6 38 6 6
6 39 4 4
6 40 5 5
7 8 4 4
7 9 5 5
7 10 6 6
7 11 4 4
7 12 7 7
7 13 9 9
7 14 3 3
7 15 8 8
7 16 1 1
7 17 5 5
7 18 7 7
7 19 3 3
7 20 4 4
7 21 9 9
7 22 7 7
7 23 8 8
7 24 5 5
7 25 6 6
7 26 4 4
7 27 2 2
7 28 5 5
7 29 2 2
7 30 1 1
7 31 7 7
7 32 3 3
7 33 7 7
7 34 6 6
7 35 7 7
7 36 2 2
7 37 8 8
7 38 3 3
7 39 4 4
7 40 3 3
8 9 6 6
8 10 4 4
8 11 8 8
8 12 5 5
8 13 2 2
8 14 3 3
8 15 6 6
8 16 5 5
8 17 2 2
8 18 8 8
8 19 4 4
8 20 5 5
8 21 4 4
8 22 4 4
8 23 4 4
8 24 4 4
8 25 7 7
8 26 4 4
8 27 5 5
8 28 2 2
8 29 5 5
8 30 5 5
8 31 6 6
8 32 1 1
8 33 3 3
8 34 6 6
8 35 2 2
8 36 5 5
8 37 5 5
8 38 10 10
8 39 8 8
8 40 6 6
9 10 3 3
9 11 4 4
9 12 5 5
9 13 5 5
9 14 6 6
9 15 1 1
9 16 3 3
9 17 3 3
9 18 8 8
9 19 9 9
9 20 4 4
9 21 4 4
9 22 5 5
9 23 1 1
9 24 3 3
9 25 4 4
9 26 5 5
9 27 3 3
9 28 3 3
9 29 6 6
9 30 4 4
9 31 9 9
9 32 4 4
9 33 4 4
9 34 4 4
9 35 5 5
9 36 6 6
9 37 8 8
9 38 4 4
9 39 6 6
9 40 4 4
10 11 9 9
10 12 5 5
10 13 8 8
10 14 8 8
10 15 10 10
10 16 5 5
10 17 5 5
10 18 8 8
10 19 4 4
10 20 5 5
10 21 7 7
10 22 7 7
10 23 2 2
10 24 3 3
10 25 8 8
10 26 6 6
10 27 3 3
10 28 2 2
10 29 5 5
10 30 3 3
10 31 5 5
10 32 2 2
10 33 6 6
10 34 5 5
10 35 2 2
10 36 4 4
10 37 3 3
10 38 3 3
10 39 7 7
10 40 7 7
11 12 6 6
11 13 7 7
11 14 6 6
11 15 6 6
11 16 4 4
11 17 6 6
11 18 5 5
11 19 4 4
11 20 6 6
11 21 3 3
11 22 5 5
11 23 7 7
11 24 3 3
11 25 4 4
11 26 2 2
11 27 1 1
11 28 6 6
11 29 6 6
11 30 5 5
11 31 6 6
11 32 3 3
11 33 6 6
11 34 6 6
11 35 6 6
11 36 4 4
11 37 4 4
11 38 10 10
11 39 5 5
11 40 6 6
12 13 4 4
12 14 3 3
12 15 8 8
12 16 6 6
12 17 5 5
12 18 7 7
12 19 4 4
12 20 8 8
12 21 3 3
12 22 6 6
12 23 4 4
12 24 3 3
12 25 4 4
12 26 6 6
12 27 4 4
12 28 4 4
12 29 6 6
12 30 3 3
12 31 6 6
12 32 4 4
12 33 7 7
12 34 2 2
12 35 3 3
12 36 3 3
12 37 2 2
12 38 7 7
12 39 1 1
12 40 4 4
13 14 4 4
13 15 6 6
13 16 3 3
13 17 4 4
13 18 6 6
13 19 4 4
13 20 6 6
13 21 7 7
13 22 8 8
13 23 6 6
13 24 1 1
13 25 3 3
13 26 4 4
13 27 4 4
13 28 5 5
13 29 5 5
13 30 4 4
13 31 5 5
13 32 6 6
13 33 5 5
13 34 7 7
13 35 2 2
13 36 2 2
13 37 8 8
13 38 2 2
13 39 7 7
13 40 5 5
14 15 7 7
14 16 1 1
14 17 5 5
14 18 3 3
14 19 5 5
14 20 5 5
14 21 4 4
14 22 5 5
14 23 5 5
14 24 6 6
14 25 4 4
14 26 6 6
14 27 7 7
14 28 1 1
14 29 4 4
14 30 7 7
14 31 6 6
14 32 4 4
14 33 6 6
14 34 7 7
14 35 2 2
14 36 2 2
14 37 6 6
14 38 5 5
14 39 7 7
14 40 7 7
15 16 6 6
15 17 2 2
15 18 6 6
15 19 5 5
15 20 6 6
15 21 1 1
15 22 1 1
15 23 4 4
15 24 10 10
15 25 6 6
15 26 5 5
15 27 1 1
15 28 4 4
15 29 3 3
15 30 8 8
15 31 5 5
15 32 5 5
15 33 9 9
15 34 4 4
15 35 3 3
15 36 2 2
15 37 9 9
15 38 5 5
15 39 6 6
15 40 4 4
16 17 5 5
16 18 3 3
16 19 3 3
16 20 5 5
16 21 7 7
16 22 4 4
16 23 5 5
16 24 8 8
16 25 2 2
16 26 4 4
16 27 3 3
16 28 5 5
16 29 7 7
16 30 5 5
16 31 1 1
16 32 3 3
16 33 1 1
16 34 6 6
16 35 5 5
16 36 7 7
16 37 7 7
16 38 6 6
16 39 6 6
16 40 5 5
17 18 5 5
17 19 6 6
17 20 5 5
17 21 3 3
17 22 7 7
17 23 8 8
17 24 6 6
17 25 3 3
17 26 7 7
17 27 5 5
17 28 3 3
17 29 5 5
17 30 6 6
17 31 6 6
17 32 1 1
17 33 5 5
17 34 3 3
17 35 6 6
17 36 5 5
17 37 3 3
17 38 7 7
17 39 9 9
17 40 4 4
18 19 5 5
18 20 4 4
18 21 7 7
18 22 6 6
18 23 6 6
18 24 4 4
18 25 4 4
18 26 8 8
18 27 2 2
18 28 6 6
18 29 3 3
18 30 4 4
18 31 4 4
18 32 5 5
18 33 5 5
18 34 4 4
18 35 8 8
18 36 5 5
18 37 5 5
18 38 7 7
18 39 7 7
18 40 2 2
19 20 2 2
19 21 6 6
19 22 5 5
19 23 3 3
19 24 4 4
19 25 10 10
19 26 2 2
19 27 5 5
19 28 4 4
19 29 7 7
19 30 1 1
19 31 3 3
19 32 5 5
19 33 3 3
19 34 4 4
19 35 4 4
19 36 3 3
19 37 2 2
19 38 4 4
19 39 6 6
19 40 6 6
20 21 5 5
20 22 4 4
20 23 5 5
20 24 4 4
20 25 2 2
20 26 1 1
20 27 6 6
20 28 3 3
20 29 7 7
20 30 2 2
20 31 8 8
20 32 6 6
20 33 6 6
20 34 1 1
20 35 3 3
20 36 7 7
20 37 6 6
20 38 9 9
20 39 3 3
20 40 6 6
21 22 6 6
21 23 5 5
21 24 2 2
21 25 5 5
21 26 3 3
21 27 4 4
21 28 3 3
21 29 4 4
21 30 3 3
21 31 3 3
21 32 6 6
21 33 4 4
21 34 6 6
21 35 7 7
21 36 5 5
21 37 6 6
21 38 5 5
21 39 6 6
21 40 7 7
22 23 5 5
22 24 3 3
22 25 3 3
22 26 4 4
22 27 3 3
22 28 5 5
22 29 3 3
22 30 6 6
22 31 5 5
22 32 4 4
22 33 4 4
22 34 4 4
22 35 6 6
22 36 7 7
22 37 7 7
22 38 5 5
22 39 4 4
22 40 7 7
23 24 6 6
23 25 7 7
23 26 5 5
23 27 3 3
23 28 3 3
23 29 1 1
23 30 5 5
23 31 3 3
23 32 6 6
23 33 9 9
23 34 5 5
23 35 5 5
23 36 6 6
23 37 6 6
23 38 4 4
23 39 3 3
23 40 6 6
24 25 4 4
24 26 2 2
24 27 3 3
24 28 7 7
24 29 5 5
24 30 3 3
24 31 4 4
24 32 4 4
24 33 2 2
24 34 9 9
24 35 4 4
24 36 1 1
24 37 6 6
24 38 2 2
24 39 5 5
24 40 6 6
25 26 3 3
25 27 3 3
25 28 5 5
25 29 4 4
25 30 1 1
25 31 7 7
25 32 7 7
25 33 3 3
25 34 6 6
25 35 2 2
25 36 4 4
25 37 5 5
25 38 4 4
25 39 7 7
25 40 4 4
26 27 3 3
26 28 7 7
26 29 3 3
26 30 4 4
26 31 10 10
26 32 3 3
26 33 4 4
26 34 4 4
26 35 10 10
26 36 5 5
26 37 4 4
26 38 3 3
26 39 3 3
26 40 5 5
27 28 9 9
27 29 6 6
27 30 5 5
27 31 4 4
27 32 4 4
27 33 4 4
27 34 9 9
27 35 4 4
27 36 6 6
27 37 4 4
27 38 1 1
27 39 6 6
27 40 7 7
28 29 6 6
28 30 8 8
28 31 5 5
28 32 4 4
28 33 3 3
28 34 4 4
28 35 2 2
28 36 2 2
28 37 6 6
28 38 4 4
28 39 4 4
28 40 7 7
29 30 9 9
29 31 3 3
29 32 5 5
29 33 8 8
29 34 8 8
29 35 2 2
29 36 7 7
29 37 7 7
29 38 7 7
29 39 8 8
29 40 5 5
30 31 7 7
30 32 5 5
30 33 7 7
30 34 7 7
30 35 6 6
30 36 8 8
30 37 2 2
30 38 5 5
30 39 4 4
30 40 3 3
31 32 2 2
31 33 4 4
31 34 6 6
31 35 4 4
31 36 4 4
31 37 7 7
31 38 8 8
31 39 4 4
31 40 9 9
32 33 6 6
32 34 7 7
32 35 5 5
32 36 4 4
32 37 5 5
32 38 8 8
32 39 3 3
32 40 5 5
33 34 5 5
33 35 4 4
33 36 4 4
33 37 5 5
33 38 10 10
33 39 8 8
33 40 6 6
34 35 6 6
34 36 7 7
34 37 7 7
34 38 10 10
34 39 8 8
34 40 6 6
35 36 6 6
35 37 3 3
35 38 3 3
35 39 4 4
35 40 2 2
36 37 4 4
36 38 3 3
36 39 6 6
36 40 5 5
37 38 4 4
37 39 2 2
37 40 3 3
38 39 6 6
38 40 4 4
39 40 3 3
