100
3
7
5
97
45
1
92
94
1
75
1 2 8 8
1 3 6 6
1 4 7 7
1 5 6 6
1 6 10 10
1 7 6 6
1 8 8 8
1 9 5 5
1 10 3 3
1 11 5 5
1 12 8 8
1 13 7 7
1 14 6 6
1 15 3 3
1 16 6 6
1 17 4 4
1 18 3 3
1 19 1 1
1 20 8 8
1 21 6 6
1 22 4 4
1 23 5 5
1 24 5 5
1 25 4 4
1 26 4 4
1 27 9 9
1 28 5 5
1 29 8 8
1 30 6 6
1 31 9 9
1 32 3 3
1 33 1 1
1 34 7 7
1 35 6 6
1 36 4 4
1 37 2 2
1 38 5 5
1 39 6 6
1 40 4 4
1 41 5 5
1 42 5 5
1 43 5 5
1 44 4 4
1 45 6 6
1 46 2 2
1 47 4 4
1 48 3 3
1 49 6 6
1 50 5 5
1 51 5 5
1 52 5 5
1 53 7 7
1 54 7 7
1 55 2 2
1 56 2 2
1 57 6 6
1 58 5 5
1 59 3 3
1 60 3 3
1 61 4 4
1 62 9 9
1 63 6 6
1 64 7 7
1 65 3 3
1 66 7 7
1 67 8 8
1 68 3 3
1 69 5 5
1 70 4 4
1 71 8 8
1 72 2 2
1 73 7 7
1 74 6 6
1 75 5 5
1 76 6 6
1 77 3 3
1 78 6 6
1 79 4 4
1 80 5 5
1 81 6 6
1 82 3 3
1 83 1 1
1 84 1 1
1 85 3 3
1 86 9 9
1 87 4 4
1 88 7 7
1 89 5 5
1 90 6 6
1 91 2 2
1 92 6 6
1 93 6 6
1 94 8 8
1 95 3 3
1 96 6 6
1 97 9 9
1 98 6 6
1 99 1 1
1 100 7 7
2 3 5 5
2 4 2 2
2 5 6 6
2 6 7 7
2 7 3 3
2 8 6 6
2 9 5 5
2 10 6 6
2 11 9 9
2 12 4 4
2 13 5 5
2 14 6 6
2 15 1 1
2 16 6 6
2 17 9 9
2 18 1 1
2 19 7 7
2 20 5 5
2 21 6 6
2 22 4 4
2 23 6 6
2 24 9 9
2 25 2 2
2 26 4 4
2 27 5 5
2 28 6 6
2 29 5 5
2 30 7 7
2 31 7 7
2 32 5 5
2 33 4 4
2 34 5 5
2 35 4 4
2 36 8 8
2 37 7 7
2 38 5 5
2 39 5 5
2 40 4 4
2 41 6 6
2 42 8 8
2 43 4 4
2 44 9 9
2 45 3 3
2 46 4 4
2 47 8 8
2 48 4 4
2 49 7 7
2 50 4 4
2 51 4 4
2 52 2 2
2 53 4 4
2 54 5 5
2 55 7 7
2 56 3 3
2 57 4 4
2 58 5 5
2 59 3 3
2 60 4 4
2 61 9 9
2 62 4 4
2 63 6 6
2 64 6 6
2 65 4 4
2 66 3 3
2 67 5 5
2 68 7 7
2 69 5 5
2 70 4 4
2 71 9 9
2 72 6 6
2 73 4 4
2 74 4 4
2 75 4 4
2 76 3 3
2 77 3 3
2 78 4 4
2 79 6 6
2 80 8 8
2 81 5 5
2 82 6 6
2 83 3 3
2 84 9 9
2 85 6 6
2 86 1 1
2 87 6 6
2 88 10 10
2 89 6 6
2 90 1 1
2 91 6 6
2 92 8 8
2 93 2 2
2 94 4 4
2 95 7 7
2 96 5 5
2 97 3 3
2 98 4 4
2 99 3 3
2 100 1 1
3 4 3 3
3 5 3 3
3 6 4 4
3 7 5 5
3 8 4 4
3 9 5 5
3 10 4 4
3 11 1 1
3 12 5 5
3 13 4 4
3 14 5 5
3 15 2 2
3 16 5 5
3 17 6 6
3 18 6 6
3 19 2 2
3 20 8 8
3 21 3 3
3 22 7 7
3 23 6 6
3 24 5 5
3 25 6 6
3 26 6 6
3 27 2 2
3 28 8 8
3 29 8 8
3 30 3 3
3 31 7 7
3 32 5 5
3 33 2 2
3 34 5 5
3 35 5 5
3 36 6 6
3 37 5 5
3 38 5 5
3 39 2 2
3 40 3 3
3 41 5 5
3 42 7 7
3 43 4 4
3 44 2 2
3 45 9 9
3 46 5 5
3 47 4 4
3 48 4 4
3 49 1 1
3 50 4 4
3 51 3 3
3 52 1 1
3 53 5 5
3 54 2 2
3 55 2 2
3 56 7 7
3 57 10 10
3 58 10 10
3 59 2 2
3 60 4 4
3 61 5 5
3 62 5 5
3 63 7 7
3 64 6 6
3 65 6 6
3 66 3 3
3 67 8 8
3 68 6 6
3 69 4 4
3 70 8 8
3 71 7 7
3 72 9 9
3 73 2 2
3 74 5 5
3 75 1 1
3 76 2 2
3 77 9 9
3 78 6 6
3 79 6 6
3 80 3 3
3 81 4 4
3 82 7 7
3 83 5 5
3 84 4 4
3 85 5 5
3 86 5 5
3 87 5 5
3 88 2 2
3 89 4 4
3 90 5 5
3 91 8 8
3 92 5 5
3 93 6 6
3 94 3 3
3 95 4 4
3 96 5 5
3 97 8 8
3 98 4 4
3 99 5 5
3 100 8 8
4 5 8 8
4 6 4 4
4 7 3 3
4 8 7 7
4 9 5 5
4 10 7 7
4 11 4 4
4 12 6 6
4 13 7 7
4 14 3 3
4 15 5 5
4 16 7 7
4 17 6 6
4 18 5 5
4 19 3 3
4 20 4 4
4 21 6 6
4 22 7 7
4 23 6 6
4 24 4 4
4 25 5 5
4 26 4 4
4 27 6 6
4 28 5 5
4 29 10 10
4 30 5 5
4 31 5 5
4 32 4 4
4 33 1 1
4 34 6 6
4 35 5 5
4 36 3 3
4 37 5 5
4 38 1 1
4 39 3 3
4 40 6 6
4 41 3 3
4 42 4 4
4 43 3 3
4 44 5 5
4 45 5 5
4 46 2 2
4 47 3 3
4 48 3 3
4 49 3 3
4 50 5 5
4 51 4 4
4 52 5 5
4 53 4 4
4 54 5 5
4 55 2 2
4 56 4 4
4 57 5 5
4 58 10 10
4 59 7 7
4 60 6 6
4 61 4 4
4 62 7 7
4 63 2 2
4 64 7 7
4 65 3 3
4 66 3 3
4 67 4 4
4 68 3 3
4 69 9 9
4 70 4 4
4 71 8 8
4 72 7 7
4 73 4 4
4 74 5 5
4 75 7 7
4 76 9 9
4 77 6 6
4 78 6 6
4 79 6 6
4 80 4 4
4 81 7 7
4 82 7 7
4 83 5 5
4 84 5 5
4 85 6 6
4 86 4 4
4 87 4 4
4 88 7 7
4 89 3 3
4 90 4 4
4 91 2 2
4 92 4 4
4 93 4 4
4 94 6 6
4 95 4 4
4 96 8 8
4 97 4 4
4 98 9 9
4 99 3 3
4 100 9 9
5 6 5 5
5 7 9 9
5 8 7 7
5 9 3 3
5 10 3 3
5 11 4 4
5 12 6 6
5 13 3 3
5 14 6 6
5 15 3 3
5 16 5 5
5 17 8 8
5 18 3 3
5 19 8 8
5 20 6 6
5 21 6 6
5 22 5 5
5 23 5 5
5 24 3 3
5 25 4 4
5 26 8 8
5 27 5 5
5 28 6 6
5 29 9 9
5 30 7 7
5 31 5 5
5 32 9 9
5 33 7 7
5 34 8 8
5 35 6 6
5 36 6 6
5 37 3 3
5 38 6 6
5 39 4 4
5 40 5 5
5 41 4 4
5 42 4 4
5 43 7 7
5 44 7 7
5 45 4 4
5 46 2 2
5 47 6 6
5 48 8 8
5 49 6 6
5 50 9 9
5 51 6 6
5 52 5 5
5 53 6 6
5 54 3 3
5 55 6 6
5 56 6 6
5 57 5 5
5 58 3 3
5 59 5 5
5 60 8 8
5 61 8 8
5 62 5 5
5 63 3 3
5 64 5 5
5 65 3 3
5 66 5 5
5 67 6 6
5 68 3 3
5 69 6 6
5 70 5 5
5 71 3 3
5 72 7 7
5 73 7 7
5 74 7 7
5 75 5 5
5 76 10 10
5 77 4 4
5 78 6 6
5 79 7 7
5 80 7 7
5 81 4 4
5 82 4 4
5 83 3 3
5 84 10 10
5 85 5 5
5 86 7 7
5 87 3 3
5 88 5 5
5 89 5 5
5 90 8 8
5 91 2 2
5 92 5 5
5 93 8 8
5 94 3 3
5 95 6 6
5 96 3 3
5 97 9 9
5 98 4 4
5 99 4 4
5 100 3 3
6 7 4 4
6 8 5 5
6 9 3 3
6 10 5 5
6 11 5 5
6 12 4 4
6 13 7 7
6 14 7 7
6 15 4 4
6 16 6 6
6 17 4 4
6 18 4 4
6 19 5 5
6 20 1 1
6 21 8 8
6 22 6 6
6 23 6 6
6 24 8 8
6 25 7 7
6 26 4 4
6 27 6 6
6 28 5 5
6 29 1 1
6 30 4 4
6 31 5 5
6 32 5 5
6 33 7 7
6 34 5 5
6 35 6 6
6 36 5 5
6 37 7 7
6 38 7 7
6 39 4 4
6 40 2 2
6 41 5 5
6 42 5 5
6 43 6 6
6 44 6 6
6 45 3 3
6 46 7 7
6 47 6 6
6 48 4 4
6 49 5 5
6 50 7 7
6 51 7 7
6 52 3 3
6 53 9 9
6 54 8 8
6 55 3 3
6 56 4 4
6 57 7 7
6 58 5 5
6 59 6 6
6 60 7 7
6 61 5 5
6 62 5 5
6 63 3 3
6 64 6 6
6 65 5 5
6 66 3 3
6 67 3 3
6 68 8 8
6 69 1 1
6 70 7 7
6 71 6 6
6 72 1 1
6 73 7 7
6 74 8 8
6 75 5 5
6 76 8 8
6 77 6 6
6 78 7 7
6 79 4 4
6 80 3 3
6 81 6 6
6 82 2 2
6 83 5 5
6 84 3 3
6 85 5 5
6 86 4 4
6 87 4 4
6 88 8 8
6 89 7 7
6 90 8 8
6 91 8 8
6 92 8 8
6 93 6 6
6 94 9 9
6 95 4 4
6 96 1 1
6 97 5 5
6 98 5 5
6 99 4 4
6 100 2 2
7 8 3 3
7 9 6 6
7 10 4 4
7 11 4 4
7 12 4 4
7 13 6 6
7 14 3 3
7 15 1 1
7 16 4 4
7 17 7 7
7 18 6 6
7 19 4 4
7 20 3 3
7 21 3 3
7 22 7 7
7 23 3 3
7 24 3 3
7 25 3 3
7 26 2 2
7 27 4 4
7 28 6 6
7 29 4 4
7 30 5 5
7 31 6 6
7 32 6 6
7 33 5 5
7 34 5 5
7 35 4 4
7 36 8 8
7 37 3 3
7 38 3 3
7 39 2 2
7 40 6 6
7 41 4 4
7 42 6 6
7 43 8 8
7 44 6 6
7 45 4 4
7 46 6 6
7 47 6 6
7 48 6 6
7 49 2 2
7 50 6 6
7 51 6 6
7 52 6 6
7 53 5 5
7 54 5 5
7 55 4 4
7 56 7 7
7 57 3 3
7 58 4 4
7 59 7 7
7 60 4 4
7 61 5 5
7 62 5 5
7 63 6 6
7 64 4 4
7 65 7 7
7 66 8 8
7 67 5 5
7 68 7 7
7 69 3 3
7 70 3 3
7 71 4 4
7 72 3 3
7 73 3 3
7 74 2 2
7 75 3 3
7 76 7 7
7 77 5 5
7 78 7 7
7 79 8 8
7 80 4 4
7 81 7 7
7 82 2 2
7 83 4 4
7 84 4 4
7 85 6 6
7 86 7 7
7 87 2 2
7 88 3 3
7 89 7 7
7 90 6 6
7 91 8 8
7 92 2 2
7 93 3 3
7 94 2 2
7 95 6 6
7 96 3 3
7 97 6 6
7 98 7 7
7 99 2 2
7 100 5 5
8 9 2 2
8 10 8 8
8 11 4 4
8 12 4 4
8 13 8 8
8 14 5 5
8 15 4 4
8 16 6 6
8 17 8 8
8 18 4 4
8 19 8 8
8 20 6 6
8 21 4 4
8 22 4 4
8 23 6 6
8 24 1 1
8 25 7 7
8 26 7 7
8 27 4 4
8 28 6 6
8 29 6 6
8 30 3 3
8 31 4 4
8 32 8 8
8 33 6 6
8 34 5 5
8 35 4 4
8 36 4 4
8 37 3 3
8 38 1 1
8 39 7 7
8 40 6 6
8 41 3 3
8 42 4 4
8 43 8 8
8 44 2 2
8 45 5 5
8 46 7 7
8 47 2 2
8 48 8 8
8 49 6 6
8 50 4 4
8 51 1 1
8 52 4 4
8 53 6 6
8 54 4 4
8 55 5 5
8 56 4 4
8 57 6 6
8 58 4 4
8 59 4 4
8 60 6 6
8 61 5 5
8 62 6 6
8 63 1 1
8 64 4 4
8 65 7 7
8 66 3 3
8 67 8 8
8 68 6 6
8 69 5 5
8 70 3 3
8 71 3 3
8 72 6 6
8 73 6 6
8 74 5 5
8 75 6 6
8 76 4 4
8 77 6 6
8 78 4 4
8 79 2 2
8 80 4 4
8 81 6 6
8 82 5 5
8 83 3 3
8 84 4 4
8 85 2 2
8 86 7 7
8 87 6 6
8 88 7 7
8 89 6 6
8 90 5 5
8 91 6 6
8 92 5 5
8 93 4 4
8 94 6 6
8 95 4 4
8 96 5 5
8 97 6 6
8 98 5 5
8 99 3 3
8 100 7 7
9 10 5 5
9 11 2 2
9 12 6 6
9 13 2 2
9 14 4 4
9 15 5 5
9 16 8 8
9 17 6 6
9 18 4 4
9 19 4 4
9 20 3 3
9 21 7 7
9 22 3 3
9 23 5 5
9 24 8 8
9 25 4 4
9 26 6 6
9 27 7 7
9 28 9 9
9 29 5 5
9 30 5 5
9 31 3 3
9 32 3 3
9 33 8 8
9 34 2 2
9 35 6 6
9 36 4 4
9 37 7 7
9 38 6 6
9 39 2 2
9 40 6 6
9 41 7 7
9 42 4 4
9 43 5 5
9 44 9 9
9 45 5 5
9 46 3 3
9 47 3 3
9 48 2 2
9 49 5 5
9 50 7 7
9 51 3 3
9 52 3 3
9 53 5 5
9 54 5 5
9 55 5 5
9 56 8 8
9 57 6 6
9 58 7 7
9 59 5 5
9 60 5 5
9 61 8 8
9 62 5 5
9 63 3 3
9 64 2 2
9 65 5 5
9 66 6 6
9 67 10 10
9 68 3 3
9 69 3 3
9 70 7 7
9 71 6 6
9 72 3 3
9 73 8 8
9 74 1 1
9 75 8 8
9 76 7 7
9 77 5 5
9 78 3 3
9 79 5 5
9 80 6 6
9 81 4 4
9 82 5 5
9 83 7 7
9 84 4 4
9 85 3 3
9 86 5 5
9 87 5 5
9 88 7 7
9 89 5 5
9 90 9 9
9 91 5 5
9 92 7 7
9 93 3 3
9 94 4 4
9 95 6 6
9 96 9 9
9 97 7 7
9 98 5 5
9 99 8 8
9 100 5 5
10 11 6 6
10 12 8 8
10 13 5 5
10 14 3 3
10 15 6 6
10 16 4 4
10 17 5 5
10 18 6 6
10 19 6 6
10 20 7 7
10 21 6 6
10 22 6 6
10 23 4 4
10 24 8 8
10 25 2 2
10 26 6 6
10 27 8 8
10 28 5 5
10 29 1 1
10 30 6 6
10 31 7 7
10 32 1 1
10 33 3 3
10 34 9 9
10 35 7 7
10 36 3 3
10 37 4 4
10 38 5 5
10 39 8 8
10 40 7 7
10 41 4 4
10 42 4 4
10 43 1 1
10 44 3 3
10 45 2 2
10 46 3 3
10 47 2 2
10 48 7 7
10 49 5 5
10 50 7 7
10 51 7 7
10 52 1 1
10 53 5 5
10 54 5 5
10 55 6 6
10 56 6 6
10 57 8 8
10 58 7 7
10 59 6 6
10 60 4 4
10 61 9 9
10 62 7 7
10 63 4 4
10 64 4 4
10 65 4 4
10 66 3 3
10 67 4 4
10 68 8 8
10 69 6 6
10 70 2 2
10 71 6 6
10 72 6 6
10 73 5 5
10 74 6 6
10 75 5 5
10 76 3 3
10 77 6 6
10 78 4 4
10 79 6 6
10 80 6 6
10 81 6 6
10 82 4 4
10 83 2 2
10 84 7 7
10 85 4 4
10 86 8 8
10 87 8 8
10 88 7 7
10 89 5 5
10 90 8 8
10 91 2 2
10 92 3 3
10 93 5 5
10 94 7 7
10 95 4 4
10 96 6 6
10 97 8 8
10 98 5 5
10 99 6 6
10 100 4 4
11 12 1 1
11 13 8 8
11 14 4 4
11 15 4 4
11 16 8 8
11 17 1 1
11 18 5 5
11 19 6 6
11 20 3 3
11 21 7 7
11 22 7 7
11 23 3 3
11 24 5 5
11 25 4 4
11 26 2 2
11 27 4 4
11 28 7 7
11 29 5 5
11 30 7 7
11 31 2 2
11 32 5 5
11 33 5 5
11 34 3 3
11 35 1 1
11 36 5 5
11 37 10 10
11 38 3 3
11 39 5 5
11 40 10 10
11 41 4 4
11 42 5 5
11 43 5 5
11 44 4 4
11 45 6 6
11 46 1 1
11 47 6 6
11 48 8 8
11 49 4 4
11 50 3 3
11 51 2 2
11 52 7 7
11 53 6 6
11 54 8 8
11 55 6 6
11 56 6 6
11 57 8 8
11 58 8 8
11 59 5 5
11 60 3 3
11 61 5 5
11 62 6 6
11 63 4 4
11 64 4 4
11 65 5 5
11 66 2 2
11 67 6 6
11 68 6 6
11 69 7 7
11 70 3 3
11 71 4 4
11 72 4 4
11 73 3 3
11 74 5 5
11 75 4 4
11 76 6 6
11 77 7 7
11 78 7 7
11 79 4 4
11 80 3 3
11 81 6 6
11 82 4 4
11 83 3 3
11 84 4 4
11 85 3 3
11 86 7 7
11 87 4 4
11 88 6 6
11 89 9 9
11 90 4 4
11 91 6 6
11 92 7 7
11 93 4 4
11 94 6 6
11 95 3 3
11 96 5 5
11 97 5 5
11 98 10 10
11 99 7 7
11 100 6 6
12 13 4 4
12 14 2 2
12 15 6 6
12 16 5 5
12 17 7 7
12 18 5 5
12 19 5 5
12 20 7 7
12 21 7 7
12 22 7 7
12 23 8 8
12 24 7 7
12 25 5 5
12 26 5 5
12 27 4 4
12 28 7 7
12 29 1 1
12 30 3 3
12 31 4 4
12 32 5 5
12 33 7 7
12 34 8 8
12 35 4 4
12 36 3 3
12 37 5 5
12 38 5 5
12 39 9 9
12 40 3 3
12 41 4 4
12 42 2 2
12 43 5 5
12 44 5 5
12 45 4 4
12 46 6 6
12 47 6 6
12 48 5 5
12 49 8 8
12 50 4 4
12 51 7 7
12 52 3 3
12 53 7 7
12 54 2 2
12 55 8 8
12 56 7 7
12 57 5 5
12 58 1 1
12 59 4 4
12 60 6 6
12 61 3 3
12 62 1 1
12 63 3 3
12 64 8 8
12 65 6 6
12 66 6 6
12 67 5 5
12 68 9 9
12 69 4 4
12 70 4 4
12 71 5 5
12 72 3 3
12 73 5 5
12 74 3 3
12 75 4 4
12 76 7 7
12 77 4 4
12 78 5 5
12 79 10 10
12 80 4 4
12 81 3 3
12 82 1 1
12 83 4 4
12 84 2 2
12 85 8 8
12 86 7 7
12 87 4 4
12 88 4 4
12 89 6 6
12 90 4 4
12 91 6 6
12 92 3 3
12 93 7 7
12 94 4 4
12 95 4 4
12 96 2 2
12 97 7 7
12 98 1 1
12 99 3 3
12 100 6 6
13 14 6 6
13 15 4 4
13 16 7 7
13 17 4 4
13 18 7 7
13 19 4 4
13 20 6 6
13 21 4 4
13 22 1 1
13 23 6 6
13 24 5 5
13 25 4 4
13 26 5 5
13 27 2 2
13 28 3 3
13 29 3 3
13 30 4 4
13 31 6 6
13 32 6 6
13 33 4 4
13 34 3 3
13 35 4 4
13 36 4 4
13 37 6 6
13 38 2 2
13 39 10 10
13 40 3 3
13 41 7 7
13 42 5 5
13 43 8 8
13 44 3 3
13 45 6 6
13 46 10 10
13 47 6 6
13 48 6 6
13 49 5 5
13 50 7 7
13 51 4 4
13 52 4 4
13 53 4 4
13 54 4 4
13 55 5 5
13 56 4 4
13 57 3 3
13 58 4 4
13 59 4 4
13 60 1 1
13 61 4 4
13 62 4 4
13 63 5 5
13 64 8 8
13 65 3 3
13 66 5 5
13 67 7 7
13 68 4 4
13 69 7 7
13 70 2 2
13 71 5 5
13 72 4 4
13 73 9 9
13 74 3 3
13 75 5 5
13 76 7 7
13 77 5 5
13 78 3 3
13 79 4 4
13 80 6 6
13 81 4 4
13 82 5 5
13 83 5 5
13 84 5 5
13 85 4 4
13 86 4 4
13 87 7 7
13 88 7 7
13 89 5 5
13 90 3 3
13 91 3 3
13 92 4 4
13 93 7 7
13 94 6 6
13 95 10 10
13 96 6 6
13 97 6 6
13 98 6 6
13 99 1 1
13 100 1 1
14 15 4 4
14 16 5 5
14 17 9 9
14 18 6 6
14 19 2 2
14 20 7 7
14 21 1 1
14 22 5 5
14 23 5 5
14 24 7 7
14 25 4 4
14 26 9 9
14 27 5 5
14 28 2 2
14 29 4 4
14 30 7 7
14 31 4 4
14 32 9 9
14 33 2 2
14 34 9 9
14 35 2 2
14 36 4 4
14 37 8 8
14 38 8 8
14 39 3 3
14 40 6 6
14 41 2 2
14 42 5 5
14 43 3 3
14 44 5 5
14 45 4 4
14 46 7 7
14 47 5 5
14 48 8 8
14 49 6 6
14 50 5 5
14 51 7 7
14 52 4 4
14 53 5 5
14 54 4 4
14 55 6 6
14 56 4 4
14 57 4 4
14 58 1 1
14 59 6 6
14 60 6 6
14 61 7 7
14 62 7 7
14 63 2 2
14 64 6 6
14 65 5 5
14 66 4 4
14 67 4 4
14 68 3 3
14 69 7 7
14 70 5 5
14 71 7 7
14 72 6 6
14 73 5 5
14 74 6 6
14 75 6 6
14 76 2 2
14 77 4 4
14 78 4 4
14 79 7 7
14 80 2 2
14 81 4 4
14 82 1 1
14 83 4 4
14 84 5 5
14 85 8 8
14 86 4 4
14 87 6 6
14 88 4 4
14 89 4 4
14 90 7 7
14 91 5 5
14 92 5 5
14 93 5 5
14 94 6 6
14 95 3 3
14 96 4 4
14 97 4 4
14 98 2 2
14 99 5 5
14 100 5 5
15 16 7 7
15 17 2 2
15 18 5 5
15 19 4 4
15 20 9 9
15 21 2 2
15 22 1 1
15 23 6 6
15 24 10 10
15 25 7 7
15 26 5 5
15 27 7 7
15 28 6 6
15 29 5 5
15 30 8 8
15 31 3 3
15 32 5 5
15 33 6 6
15 34 3 3
15 35 9 9
15 36 6 6
15 37 5 5
15 38 2 2
15 39 5 5
15 40 4 4
15 41 4 4
15 42 7 7
15 43 4 4
15 44 2 2
15 45 4 4
15 46 4 4
15 47 1 1
15 48 1 1
15 49 7 7
15 50 4 4
15 51 3 3
15 52 4 4
15 53 5 5
15 54 4 4
15 55 3 3
15 56 7 7
15 57 4 4
15 58 5 5
15 59 5 5
15 60 3 3
15 61 5 5
15 62 4 4
15 63 2 2
15 64 4 4
15 65 7 7
15 66 7 7
15 67 3 3
15 68 4 4
15 69 4 4
15 70 5 5
15 71 5 5
15 72 5 5
15 73 9 9
15 74 2 2
15 75 5 5
15 76 6 6
15 77 3 3
15 78 2 2
15 79 5 5
15 80 5 5
15 81 7 7
15 82 2 2
15 83 8 8
15 84 1 1
15 85 4 4
15 86 5 5
15 87 7 7
15 88 7 7
15 89 3 3
15 90 8 8
15 91 6 6
15 92 7 7
15 93 4 4
15 94 3 3
15 95 1 1
15 96 5 5
15 97 2 2
15 98 5 5
15 99 4 4
15 100 5 5
16 17 3 3
16 18 6 6
16 19 6 6
16 20 2 2
16 21 7 7
16 22 7 7
16 23 5 5
16 24 6 6
16 25 7 7
16 26 7 7
16 27 5 5
16 28 1 1
16 29 7 7
16 30 7 7
16 31 6 6
16 32 2 2
16 33 5 5
16 34 8 8
16 35 3 3
16 36 5 5
16 37 5 5
16 38 5 5
16 39 7 7
16 40 4 4
16 41 4 4
16 42 6 6
16 43 8 8
16 44 3 3
16 45 5 5
16 46 6 6
16 47 4 4
16 48 6 6
16 49 2 2
16 50 5 5
16 51 5 5
16 52 7 7
16 53 6 6
16 54 6 6
16 55 6 6
16 56 3 3
16 57 4 4
16 58 5 5
16 59 3 3
16 60 8 8
16 61 5 5
16 62 8 8
16 63 5 5
16 64 2 2
16 65 8 8
16 66 6 6
16 67 7 7
16 68 5 5
16 69 3 3
16 70 5 5
16 71 2 2
16 72 8 8
16 73 5 5
16 74 5 5
16 75 7 7
16 76 1 1
16 77 8 8
16 78 3 3
16 79 4 4
16 80 7 7
16 81 4 4
16 82 1 1
16 83 7 7
16 84 2 2
16 85 1 1
16 86 1 1
16 87 8 8
16 88 8 8
16 89 5 5
16 90 7 7
16 91 1 1
16 92 5 5
16 93 8 8
16 94 7 7
16 95 4 4
16 96 6 6
16 97 2 2
16 98 4 4
16 99 2 2
16 100 1 1
17 18 4 4
17 19 5 5
17 20 3 3
17 21 1 1
17 22 6 6
17 23 6 6
17 24 2 2
17 25 4 4
17 26 4 4
17 27 10 10
17 28 5 5
17 29 4 4
17 30 4 4
17 31 9 9
17 32 5 5
17 33 4 4
17 34 5 5
17 35 6 6
17 36 3 3
17 37 7 7
17 38 5 5
17 39 4 4
17 40 7 7
17 41 5 5
17 42 4 4
17 43 8 8
17 44 7 7
17 45 7 7
17 46 5 5
17 47 4 4
17 48 8 8
17 49 5 5
17 50 7 7
17 51 6 6
17 52 4 4
17 53 5 5
17 54 4 4
17 55 8 8
17 56 5 5
17 57 5 5
17 58 2 2
17 59 6 6
17 60 6 6
17 61 6 6
17 62 8 8
17 63 6 6
17 64 7 7
17 65 5 5
17 66 4 4
17 67 3 3
17 68 6 6
17 69 8 8
17 70 6 6
17 71 8 8
17 72 4 4
17 73 5 5
17 74 4 4
17 75 7 7
17 76 4 4
17 77 6 6
17 78 6 6
17 79 5 5
17 80 4 4
17 81 7 7
17 82 6 6
17 83 2 2
17 84 6 6
17 85 5 5
17 86 6 6
17 87 4 4
17 88 6 6
17 89 5 5
17 90 3 3
17 91 5 5
17 92 6 6
17 93 5 5
17 94 5 5
17 95 7 7
17 96 4 4
17 97 8 8
17 98 6 6
17 99 1 1
17 100 6 6
18 19 2 2
18 20 5 5
18 21 5 5
18 22 3 3
18 23 2 2
18 24 2 2
18 25 7 7
18 26 4 4
18 27 4 4
18 28 6 6
18 29 7 7
18 30 5 5
18 31 3 3
18 32 3 3
18 33 3 3
18 34 5 5
18 35 4 4
18 36 5 5
18 37 4 4
18 38 3 3
18 39 4 4
18 40 6 6
18 41 5 5
18 42 5 5
18 43 7 7
18 44 8 8
18 45 3 3
18 46 6 6
18 47 8 8
18 48 3 3
18 49 7 7
18 50 9 9
18 51 3 3
18 52 2 2
18 53 3 3
18 54 7 7
18 55 6 6
18 56 7 7
18 57 5 5
18 58 5 5
18 59 3 3
18 60 5 5
18 61 8 8
18 62 4 4
18 63 1 1
18 64 6 6
18 65 7 7
18 66 6 6
18 67 1 1
18 68 6 6
18 69 2 2
18 70 1 1
18 71 8 8
18 72 5 5
18 73 7 7
18 74 9 9
18 75 5 5
18 76 4 4
18 77 4 4
18 78 6 6
18 79 5 5
18 80 6 6
18 81 4 4
18 82 8 8
18 83 3 3
18 84 5 5
18 85 4 4
18 86 6 6
18 87 7 7
18 88 2 2
18 89 3 3
18 90 5 5
18 91 6 6
18 92 5 5
18 93 10 10
18 94 6 6
18 95 6 6
18 96 5 5
18 97 8 8
18 98 5 5
18 99 5 5
18 100 5 5
19 20 6 6
19 21 8 8
19 22 5 5
19 23 7 7
19 24 8 8
19 25 2 2
19 26 3 3
19 27 4 4
19 28 7 7
19 29 4 4
19 30 4 4
19 31 5 5
19 32 8 8
19 33 7 7
19 34 5 5
19 35 7 7
19 36 5 5
19 37 5 5
19 38 2 2
19 39 10 10
19 40 8 8
19 41 2 2
19 42 5 5
19 43 6 6
19 44 7 7
19 45 8 8
19 46 8 8
19 47 5 5
19 48 3 3
19 49 4 4
19 50 8 8
19 51 4 4
19 52 6 6
19 53 4 4
19 54 7 7
19 55 5 5
19 56 5 5
19 57 2 2
19 58 5 5
19 59 4 4
19 60 7 7
19 61 3 3
19 62 2 2
19 63 6 6
19 64 3 3
19 65 6 6
19 66 8 8
19 67 4 4
19 68 6 6
19 69 6 6
19 70 7 7
19 71 7 7
19 72 6 6
19 73 7 7
19 74 3 3
19 75 6 6
19 76 5 5
19 77 4 4
19 78 5 5
19 79 4 4
19 80 6 6
19 81 5 5
19 82 1 1
19 83 7 7
19 84 6 6
19 85 6 6
19 86 3 3
19 87 5 5
19 88 6 6
19 89 7 7
19 90 3 3
19 91 6 6
19 92 2 2
19 93 4 4
19 94 5 5
19 95 1 1
19 96 4 4
19 97 3 3
19 98 3 3
19 99 6 6
19 100 6 6
20 21 4 4
20 22 5 5
20 23 8 8
20 24 5 5
20 25 4 4
20 26 6 6
20 27 8 8
20 28 6 6
20 29 8 8
20 30 5 5
20 31 6 6
20 32 6 6
20 33 4 4
20 34 4 4
20 35 5 5
20 36 3 3
20 37 4 4
20 38 5 5
20 39 4 4
20 40 6 6
20 41 3 3
20 42 4 4
20 43 2 2
20 44 6 6
20 45 7 7
20 46 5 5
20 47 7 7
20 48 2 2
20 49 7 7
20 50 1 1
20 51 2 2
20 52 7 7
20 53 4 4
20 54 9 9
20 55 6 6
20 56 3 3
20 57 7 7
20 58 7 7
20 59 6 6
20 60 6 6
20 61 4 4
20 62 1 1
20 63 4 4
20 64 4 4
20 65 5 5
20 66 7 7
20 67 1 1
20 68 3 3
20 69 6 6
20 70 6 6
20 71 6 6
20 72 7 7
20 73 5 5
20 74 5 5
20 75 6 6
20 76 9 9
20 77 6 6
20 78 5 5
20 79 7 7
20 80 5 5
20 81 2 2
20 82 7 7
20 83 8 8
20 84 4 4
20 85 3 3
20 86 6 6
20 87 7 7
20 88 8 8
20 89 5 5
20 90 6 6
20 91 6 6
20 92 5 5
20 93 6 6
20 94 1 1
20 95 7 7
20 96 8 8
20 97 6 6
20 98 5 5
20 99 3 3
20 100 1 1
21 22 6 6
21 23 8 8
21 24 5 5
21 25 4 4
21 26 6 6
21 27 10 10
21 28 7 7
21 29 6 6
21 30 5 5
21 31 4 4
21 32 7 7
21 33 5 5
21 34 7 7
21 35 6 6
21 36 7 7
21 37 7 7
21 38 7 7
21 39 8 8
21 40 5 5
21 41 3 3
21 42 5 5
21 43 5 5
21 44 8 8
21 45 7 7
21 46 4 4
21 47 3 3
21 48 5 5
21 49 5 5
21 50 7 7
21 51 9 9
21 52 7 7
21 53 7 7
21 54 6 6
21 55 5 5
21 56 3 3
21 57 5 5
21 58 6 6
21 59 6 6
21 60 1 1
21 61 5 5
21 62 5 5
21 63 6 6
21 64 3 3
21 65 8 8
21 66 3 3
21 67 6 6
21 68 5 5
21 69 6 6
21 70 4 4
21 71 3 3
21 72 5 5
21 73 6 6
21 74 5 5
21 75 4 4
21 76 4 4
21 77 6 6
21 78 4 4
21 79 2 2
21 80 8 8
21 81 3 3
21 82 7 7
21 83 4 4
21 84 4 4
21 85 5 5
21 86 2 2
21 87 2 2
21 88 4 4
21 89 3 3
21 90 1 1
21 91 4 4
21 92 7 7
21 93 7 7
21 94 7 7
21 95 3 3
21 96 5 5
21 97 3 3
21 98 4 4
21 99 5 5
21 100 6 6
22 23 4 4
22 24 1 1
22 25 5 5
22 26 3 3
22 27 5 5
22 28 6 6
22 29 7 7
22 30 3 3
22 31 3 3
22 32 7 7
22 33 5 5
22 34 2 2
22 35 5 5
22 36 4 4
22 37 5 5
22 38 4 4
22 39 5 5
22 40 5 5
22 41 1 1
22 42 3 3
22 43 5 5
22 44 7 7
22 45 7 7
22 46 4 4
22 47 7 7
22 48 4 4
22 49 5 5
22 50 3 3
22 51 5 5
22 52 3 3
22 53 4 4
22 54 5 5
22 55 7 7
22 56 4 4
22 57 4 4
22 58 3 3
22 59 1 1
22 60 5 5
22 61 6 6
22 62 4 4
22 63 4 4
22 64 1 1
22 65 5 5
22 66 2 2
22 67 2 2
22 68 6 6
22 69 8 8
22 70 7 7
22 71 4 4
22 72 5 5
22 73 1 1
22 74 1 1
22 75 4 4
22 76 5 5
22 77 5 5
22 78 9 9
22 79 6 6
22 80 8 8
22 81 4 4
22 82 7 7
22 83 8 8
22 84 4 4
22 85 2 2
22 86 5 5
22 87 2 2
22 88 7 7
22 89 1 1
22 90 4 4
22 91 6 6
22 92 7 7
22 93 4 4
22 94 4 4
22 95 4 4
22 96 7 7
22 97 5 5
22 98 6 6
22 99 3 3
22 100 6 6
23 24 7 7
23 25 1 1
23 26 1 1
23 27 6 6
23 28 8 8
23 29 4 4
23 30 6 6
23 31 6 6
23 32 6 6
23 33 4 4
23 34 5 5
23 35 7 7
23 36 8 8
23 37 5 5
23 38 3 3
23 39 7 7
23 40 2 2
23 41 1 1
23 42 3 3
23 43 6 6
23 44 5 5
23 45 8 8
23 46 5 5
23 47 7 7
23 48 5 5
23 49 3 3
23 50 7 7
23 51 6 6
23 52 9 9
23 53 5 5
23 54 9 9
23 55 6 6
23 56 4 4
23 57 4 4
23 58 4 4
23 59 7 7
23 60 4 4
23 61 4 4
23 62 4 4
23 63 7 7
23 64 6 6
23 65 7 7
23 66 3 3
23 67 6 6
23 68 5 5
23 69 7 7
23 70 6 6
23 71 5 5
23 72 6 6
23 73 4 4
23 74 2 2
23 75 6 6
23 76 1 1
23 77 9 9
23 78 3 3
23 79 2 2
23 80 7 7
23 81 1 1
23 82 4 4
23 83 6 6
23 84 2 2
23 85 3 3
23 86 6 6
23 87 7 7
23 88 6 6
23 89 4 4
23 90 7 7
23 91 3 3
23 92 3 3
23 93 7 7
23 94 4 4
23 95 9 9
23 96 6 6
23 97 7 7
23 98 6 6
23 99 4 4
23 100 1 1
24 25 8 8
24 26 7 7
24 27 4 4
24 28 1 1
24 29 5 5
24 30 3 3
24 31 7 7
24 32 5 5
24 33 6 6
24 34 3 3
24 35 1 1
24 36 4 4
24 37 2 2
24 38 4 4
24 39 2 2
24 40 7 7
24 41 5 5
24 42 6 6
24 43 9 9
24 44 5 5
24 45 9 9
24 46 9 9
24 47 5 5
24 48 6 6
24 49 4 4
24 50 1 1
24 51 6 6
24 52 4 4
24 53 4 4
24 54 10 10
24 55 3 3
24 56 7 7
24 57 5 5
24 58 4 4
24 59 5 5
24 60 2 2
24 61 6 6
24 62 6 6
24 63 2 2
24 64 3 3
24 65 4 4
24 66 6 6
24 67 4 4
24 68 8 8
24 69 3 3
24 70 5 5
24 71 1 1
24 72 5 5
24 73 4 4
24 74 5 5
24 75 6 6
24 76 5 5
24 77 4 4
24 78 4 4
24 79 7 7
24 80 6 6
24 81 5 5
24 82 2 2
24 83 2 2
24 84 10 10
24 85 7 7
24 86 5 5
24 87 4 4
24 88 8 8
24 89 4 4
24 90 7 7
24 91 2 2
24 92 7 7
24 93 4 4
24 94 3 3
24 95 3 3
24 96 4 4
24 97 1 1
24 98 3 3
24 99 9 9
24 100 3 3
25 26 1 1
25 27 6 6
25 28 5 5
25 29 3 3
25 30 3 3
25 31 5 5
25 32 3 3
25 33 5 5
25 34 7 7
25 35 5 5
25 36 2 2
25 37 6 6
25 38 7 7
25 39 3 3
25 40 6 6
25 41 1 1
25 42 5 5
25 43 3 3
25 44 4 4
25 45 5 5
25 46 7 7
25 47 9 9
25 48 5 5
25 49 4 4
25 50 7 7
25 51 3 3
25 52 4 4
25 53 6 6
25 54 5 5
25 55 3 3
25 56 4 4
25 57 5 5
25 58 9 9
25 59 6 6
25 60 6 6
25 61 4 4
25 62 6 6
25 63 4 4
25 64 3 3
25 65 6 6
25 66 3 3
25 67 7 7
25 68 3 3
25 69 3 3
25 70 2 2
25 71 7 7
25 72 2 2
25 73 4 4
25 74 5 5
25 75 5 5
25 76 3 3
25 77 7 7
25 78 4 4
25 79 2 2
25 80 7 7
25 81 1 1
25 82 6 6
25 83 4 4
25 84 7 7
25 85 4 4
25 86 8 8
25 87 6 6
25 88 2 2
25 89 3 3
25 90 2 2
25 91 9 9
25 92 6 6
25 93 5 5
25 94 6 6
25 95 6 6
25 96 6 6
25 97 3 3
25 98 5 5
25 99 4 4
25 100 7 7
26 27 6 6
26 28 3 3
26 29 6 6
26 30 4 4
26 31 1 1
26 32 5 5
26 33 5 5
26 34 7 7
26 35 2 2
26 36 10 10
26 37 2 2
26 38 7 7
26 39 4 4
26 40 6 6
26 41 1 1
26 42 4 4
26 43 5 5
26 44 5 5
26 45 4 4
26 46 8 8
26 47 5 5
26 48 6 6
26 49 7 7
26 50 6 6
26 51 5 5
26 52 5 5
26 53 4 4
26 54 5 5
26 55 4 4
26 56 6 6
26 57 7 7
26 58 7 7
26 59 9 9
26 60 5 5
26 61 4 4
26 62 4 4
26 63 3 3
26 64 1 1
26 65 4 4
26 66 8 8
26 67 6 6
26 68 2 2
26 69 9 9
26 70 6 6
26 71 4 4
26 72 6 6
26 73 4 4
26 74 7 7
26 75 5 5
26 76 4 4
26 77 2 2
26 78 4 4
26 79 6 6
26 80 2 2
26 81 5 5
26 82 5 5
26 83 5 5
26 84 4 4
26 85 7 7
26 86 6 6
26 87 7 7
26 88 7 7
26 89 4 4
26 90 6 6
26 91 6 6
26 92 6 6
26 93 5 5
26 94 6 6
26 95 8 8
26 96 2 2
26 97 9 9
26 98 3 3
26 99 3 3
26 100 5 5
27 28 2 2
27 29 3 3
27 30 6 6
27 31 6 6
27 32 5 5
27 33 3 3
27 34 5 5
27 35 2 2
27 36 4 4
27 37 7 7
27 38 4 4
27 39 6 6
27 40 6 6
27 41 5 5
27 42 4 4
27 43 7 7
27 44 4 4
27 45 4 4
27 46 7 7
27 47 5 5
27 48 5 5
27 49 5 5
27 50 3 3
27 51 6 6
27 52 8 8
27 53 8 8
27 54 5 5
27 55 5 5
27 56 4 4
27 57 2 2
27 58 4 4
27 59 3 3
27 60 4 4
27 61 6 6
27 62 4 4
27 63 7 7
27 64 5 5
27 65 1 1
27 66 6 6
27 67 7 7
27 68 9 9
27 69 6 6
27 70 8 8
27 71 3 3
27 72 7 7
27 73 3 3
27 74 6 6
27 75 4 4
27 76 6 6
27 77 5 5
27 78 4 4
27 79 6 6
27 80 6 6
27 81 3 3
27 82 3 3
27 83 2 2
27 84 3 3
27 85 4 4
27 86 6 6
27 87 5 5
27 88 6 6
27 89 5 5
27 90 6 6
27 91 3 3
27 92 4 4
27 93 5 5
27 94 6 6
27 95 6 6
27 96 2 2
27 97 5 5
27 98 7 7
27 99 3 3
27 100 5 5
28 29 2 2
28 30 7 7
28 31 5 5
28 32 5 5
28 33 3 3
28 34 5 5
28 35 6 6
28 36 5 5
28 37 5 5
28 38 3 3
28 39 6 6
28 40 5 5
28 41 9 9
28 42 6 6
28 43 7 7
28 44 4 4
28 45 6 6
28 46 2 2
28 47 4 4
28 48 4 4
28 49 2 2
28 50 4 4
28 51 4 4
28 52 6 6
28 53 1 1
28 54 3 3
28 55 3 3
28 56 6 6
28 57 6 6
28 58 5 5
28 59 3 3
28 60 4 4
28 61 8 8
28 62 3 3
28 63 7 7
28 64 6 6
28 65 5 5
28 66 5 5
28 67 3 3
28 68 6 6
28 69 8 8
28 70 6 6
28 71 2 2
28 72 5 5
28 73 4 4
28 74 4 4
28 75 6 6
28 76 5 5
28 77 10 10
28 78 6 6
28 79 7 7
28 80 6 6
28 81 3 3
28 82 5 5
28 83 6 6
28 84 8 8
28 85 4 4
28 86 5 5
28 87 3 3
28 88 4 4
28 89 2 2
28 90 6 6
28 91 4 4
28 92 5 5
28 93 5 5
28 94 5 5
28 95 6 6
28 96 5 5
28 97 1 1
28 98 6 6
28 99 4 4
28 100 6 6
29 30 6 6
29 31 7 7
29 32 1 1
29 33 7 7
29 34 6 6
29 35 3 3
29 36 7 7
29 37 5 5
29 38 4 4
29 39 3 3
29 40 7 7
29 41 5 5
29 42 3 3
29 43 5 5
29 44 8 8
29 45 4 4
29 46 1 1
29 47 6 6
29 48 5 5
29 49 1 1
29 50 7 7
29 51 2 2
29 52 6 6
29 53 6 6
29 54 5 5
29 55 4 4
29 56 10 10
29 57 8 8
29 58 4 4
29 59 6 6
29 60 7 7
29 61 7 7
29 62 6 6
29 63 5 5
29 64 4 4
29 65 4 4
29 66 3 3
29 67 4 4
29 68 6 6
29 69 1 1
29 70 3 3
29 71 6 6
29 72 4 4
29 73 1 1
29 74 1 1
29 75 3 3
29 76 8 8
29 77 6 6
29 78 5 5
29 79 1 1
29 80 5 5
29 81 7 7
29 82 4 4
29 83 3 3
29 84 2 2
29 85 5 5
29 86 7 7
29 87 7 7
29 88 1 1
29 89 7 7
29 90 5 5
29 91 5 5
29 92 7 7
29 93 9 9
29 94 7 7
29 95 1 1
29 96 8 8
29 97 1 1
29 98 3 3
29 99 5 5
29 100 5 5
30 31 5 5
30 32 1 1
30 33 8 8
30 34 1 1
30 35 5 5
30 36 5 5
30 37 6 6
30 38 4 4
30 39 7 7
30 40 3 3
30 41 5 5
30 42 5 5
30 43 7 7
30 44 3 3
30 45 6 6
30 46 7 7
30 47 5 5
30 48 5 5
30 49 10 10
30 50 7 7
30 51 7 7
30 52 1 1
30 53 2 2
30 54 7 7
30 55 3 3
30 56 4 4
30 57 4 4
30 58 5 5
30 59 5 5
30 60 8 8
30 61 6 6
30 62 4 4
30 63 5 5
30 64 4 4
30 65 4 4
30 66 3 3
30 67 2 2
30 68 1 1
30 69 7 7
30 70 6 6
30 71 5 5
30 72 3 3
30 73 4 4
30 74 5 5
30 75 5 5
30 76 9 9
30 77 3 3
30 78 5 5
30 79 4 4
30 80 7 7
30 81 3 3
30 82 6 6
30 83 4 4
30 84 3 3
30 85 2 2
30 86 6 6
30 87 4 4
30 88 8 8
30 89 4 4
30 90 4 4
30 91 6 6
30 92 7 7
30 93 8 8
30 94 6 6
30 95 5 5
30 96 6 6
30 97 3 3
30 98 3 3
30 99 6 6
30 100 6 6
31 32 8 8
31 33 2 2
31 34 7 7
31 35 10 10
31 36 5 5
31 37 6 6
31 38 5 5
31 39 3 3
31 40 5 5
31 41 6 6
31 42 5 5
31 43 6 6
31 44 4 4
31 45 3 3
31 46 5 5
31 47 7 7
31 48 8 8
31 49 7 7
31 50 1 1
31 51 2 2
31 52 4 4
31 53 4 4
31 54 4 4
31 55 2 2
31 56 4 4
31 57 6 6
31 58 8 8
31 59 4 4
31 60 8 8
31 61 5 5
31 62 5 5
31 63 4 4
31 64 3 3
31 65 4 4
31 66 3 3
31 67 6 6
31 68 7 7
31 69 7 7
31 70 4 4
31 71 2 2
31 72 2 2
31 73 6 6
31 74 7 7
31 75 3 3
31 76 4 4
31 77 5 5
31 78 5 5
31 79 4 4
31 80 3 3
31 81 5 5
31 82 7 7
31 83 4 4
31 84 1 1
31 85 6 6
31 86 5 5
31 87 7 7
31 88 4 4
31 89 7 7
31 90 4 4
31 91 8 8
31 92 7 7
31 93 7 7
31 94 6 6
31 95 6 6
31 96 6 6
31 97 6 6
31 98 7 7
31 99 5 5
31 100 5 5
32 33 4 4
32 34 6 6
32 35 3 3
32 36 1 1
32 37 6 6
32 38 8 8
32 39 5 5
32 40 1 1
32 41 4 4
32 42 6 6
32 43 4 4
32 44 1 1
32 45 1 1
32 46 8 8
32 47 7 7
32 48 7 7
32 49 4 4
32 50 7 7
32 51 8 8
32 52 7 7
32 53 4 4
32 54 8 8
32 55 5 5
32 56 6 6
32 57 9 9
32 58 3 3
32 59 7 7
32 60 7 7
32 61 5 5
32 62 4 4
32 63 1 1
32 64 9 9
32 65 3 3
32 66 5 5
32 67 1 1
32 68 6 6
32 69 7 7
32 70 6 6
32 71 3 3
32 72 5 5
32 73 4 4
32 74 4 4
32 75 2 2
32 76 6 6
32 77 2 2
32 78 5 5
32 79 8 8
32 80 3 3
32 81 4 4
32 82 6 6
32 83 1 1
32 84 6 6
32 85 3 3
32 86 4 4
32 87 6 6
32 88 3 3
32 89 6 6
32 90 6 6
32 91 4 4
32 92 9 9
32 93 7 7
32 94 3 3
32 95 7 7
32 96 4 4
32 97 6 6
32 98 6 6
32 99 3 3
32 100 4 4
33 34 3 3
33 35 3 3
33 36 3 3
33 37 5 5
33 38 4 4
33 39 6 6
33 40 3 3
33 41 8 8
33 42 2 2
33 43 6 6
33 44 7 7
33 45 4 4
33 46 7 7
33 47 7 7
33 48 7 7
33 49 4 4
33 50 6 6
33 51 5 5
33 52 6 6
33 53 5 5
33 54 3 3
33 55 5 5
33 56 9 9
33 57 3 3
33 58 2 2
33 59 6 6
33 60 10 10
33 61 4 4
33 62 8 8
33 63 3 3
33 64 5 5
33 65 5 5
33 66 3 3
33 67 9 9
33 68 6 6
33 69 6 6
33 70 5 5
33 71 6 6
33 72 5 5
33 73 5 5
33 74 8 8
33 75 6 6
33 76 5 5
33 77 5 5
33 78 7 7
33 79 3 3
33 80 6 6
33 81 6 6
33 82 6 6
33 83 9 9
33 84 8 8
33 85 6 6
33 86 7 7
33 87 7 7
33 88 7 7
33 89 5 5
33 90 2 2
33 91 7 7
33 92 3 3
33 93 5 5
33 94 6 6
33 95 4 4
33 96 7 7
33 97 6 6
33 98 5 5
33 99 7 7
33 100 8 8
34 35 6 6
34 36 6 6
34 37 7 7
34 38 6 6
34 39 5 5
34 40 6 6
34 41 8 8
34 42 1 1
34 43 7 7
34 44 10 10
34 45 4 4
34 46 6 6
34 47 7 7
34 48 6 6
34 49 6 6
34 50 9 9
34 51 2 2
34 52 6 6
34 53 4 4
34 54 5 5
34 55 9 9
34 56 6 6
34 57 6 6
34 58 7 7
34 59 8 8
34 60 2 2
34 61 4 4
34 62 5 5
34 63 5 5
34 64 8 8
34 65 6 6
34 66 7 7
34 67 4 4
34 68 7 7
34 69 4 4
34 70 5 5
34 71 5 5
34 72 5 5
34 73 9 9
34 74 3 3
34 75 6 6
34 76 6 6
34 77 5 5
34 78 5 5
34 79 5 5
34 80 2 2
34 81 3 3
34 82 7 7
34 83 6 6
34 84 8 8
34 85 1 1
34 86 8 8
34 87 7 7
34 88 8 8
34 89 3 3
34 90 6 6
34 91 4 4
34 92 3 3
34 93 7 7
34 94 4 4
34 95 6 6
34 96 4 4
34 97 5 5
34 98 5 5
34 99 6 6
34 100 2 2
35 36 7 7
35 37 4 4
35 38 3 3
35 39 4 4
35 40 5 5
35 41 3 3
35 42 6 6
35 43 4 4
35 44 6 6
35 45 4 4
35 46 10 10
35 47 4 4
35 48 1 1
35 49 4 4
35 50 6 6
35 51 9 9
35 52 6 6
35 53 7 7
35 54 9 9
35 55 7 7
35 56 5 5
35 57 8 8
35 58 5 5
35 59 6 6
35 60 3 3
35 61 2 2
35 62 6 6
35 63 8 8
35 64 5 5
35 65 6 6
35 66 8 8
35 67 5 5
35 68 4 4
35 69 4 4
35 70 5 5
35 71 7 7
35 72 3 3
35 73 7 7
35 74 7 7
35 75 4 4
35 76 4 4
35 77 4 4
35 78 6 6
35 79 5 5
35 80 3 3
35 81 6 6
35 82 6 6
35 83 3 3
35 84 5 5
35 85 6 6
35 86 3 3
35 87 5 5
35 88 7 7
35 89 6 6
35 90 5 5
35 91 3 3
35 92 1 1
35 93 8 8
35 94 4 4
35 95 6 6
35 96 6 6
35 97 4 4
35 98 6 6
35 99 2 2
35 100 3 3
36 37 8 8
36 38 6 6
36 39 8 8
36 40 5 5
36 41 5 5
36 42 5 5
36 43 5 5
36 44 4 4
36 45 4 4
36 46 1 1
36 47 3 3
36 48 4 4
36 49 9 9
36 50 7 7
36 51 2 2
36 52 6 6
36 53 7 7
36 54 5 5
36 55 8 8
36 56 8 8
36 57 2 2
36 58 4 4
36 59 6 6
36 60 5 5
36 61 6 6
36 62 4 4
36 63 4 4
36 64 7 7
36 65 4 4
36 66 1 1
36 67 2 2
36 68 1 1
36 69 2 2
36 70 6 6
36 71 3 3
36 72 4 4
36 73 5 5
36 74 3 3
36 75 5 5
36 76 1 1
36 77 6 6
36 78 6 6
36 79 5 5
36 80 4 4
36 81 9 9
36 82 3 3
36 83 7 7
36 84 5 5
36 85 3 3
36 86 7 7
36 87 4 4
36 88 4 4
36 89 5 5
36 90 5 5
36 91 5 5
36 92 4 4
36 93 1 1
36 94 3 3
36 95 6 6
36 96 6 6
36 97 1 1
36 98 3 3
36 99 4 4
36 100 6 6
37 38 8 8
37 39 5 5
37 40 7 7
37 41 7 7
37 42 5 5
37 43 4 4
37 44 6 6
37 45 9 9
37 46 7 7
37 47 6 6
37 48 6 6
37 49 3 3
37 50 5 5
37 51 9 9
37 52 8 8
37 53 2 2
37 54 6 6
37 55 7 7
37 56 3 3
37 57 10 10
37 58 4 4
37 59 7 7
37 60 5 5
37 61 5 5
37 62 8 8
37 63 8 8
37 64 2 2
37 65 3 3
37 66 3 3
37 67 5 5
37 68 6 6
37 69 7 7
37 70 4 4
37 71 5 5
37 72 6 6
37 73 2 2
37 74 4 4
37 75 6 6
37 76 7 7
37 77 5 5
37 78 7 7
37 79 4 4
37 80 2 2
37 81 6 6
37 82 4 4
37 83 5 5
37 84 3 3
37 85 9 9
37 86 4 4
37 87 7 7
37 88 3 3
37 89 8 8
37 90 8 8
37 91 8 8
37 92 4 4
37 93 7 7
37 94 6 6
37 95 5 5
37 96 5 5
37 97 2 2
37 98 7 7
37 99 4 4
37 100 3 3
38 39 7 7
38 40 5 5
38 41 2 2
38 42 5 5
38 43 5 5
38 44 7 7
38 45 3 3
38 46 5 5
38 47 4 4
38 48 1 1
38 49 4 4
38 50 7 7
38 51 5 5
38 52 4 4
38 53 4 4
38 54 5 5
38 55 7 7
38 56 6 6
38 57 9 9
38 58 5 5
38 59 7 7
38 60 6 6
38 61 1 1
38 62 3 3
38 63 4 4
38 64 5 5
38 65 4 4
38 66 7 7
38 67 6 6
38 68 4 4
38 69 8 8
38 70 5 5
38 71 8 8
38 72 6 6
38 73 6 6
38 74 7 7
38 75 4 4
38 76 5 5
38 77 6 6
38 78 5 5
38 79 2 2
38 80 4 4
38 81 3 3
38 82 1 1
38 83 3 3
38 84 6 6
38 85 2 2
38 86 6 6
38 87 9 9
38 88 6 6
38 89 2 2
38 90 6 6
38 91 1 1
38 92 6 6
38 93 6 6
38 94 7 7
38 95 6 6
38 96 6 6
38 97 6 6
38 98 7 7
38 99 6 6
38 100 6 6
39 40 4 4
39 41 7 7
39 42 4 4
39 43 5 5
39 44 5 5
39 45 8 8
39 46 7 7
39 47 3 3
39 48 4 4
39 49 4 4
39 50 5 5
39 51 6 6
39 52 5 5
39 53 2 2
39 54 5 5
39 55 5 5
39 56 4 4
39 57 5 5
39 58 10 10
39 59 2 2
39 60 4 4
39 61 5 5
39 62 3 3
39 63 5 5
39 64 3 3
39 65 4 4
39 66 4 4
39 67 7 7
39 68 6 6
39 69 4 4
39 70 2 2
39 71 4 4
39 72 4 4
39 73 5 5
39 74 2 2
39 75 7 7
39 76 5 5
39 77 8 8
39 78 6 6
39 79 6 6
39 80 5 5
39 81 6 6
39 82 6 6
39 83 8 8
39 84 4 4
39 85 5 5
39 86 7 7
39 87 5 5
39 88 4 4
39 89 4 4
39 90 8 8
39 91 5 5
39 92 6 6
39 93 7 7
39 94 7 7
39 95 5 5
39 96 2 2
39 97 6 6
39 98 5 5
39 99 5 5
39 100 5 5
40 41 1 1
40 42 7 7
40 43 3 3
40 44 5 5
40 45 4 4
40 46 4 4
40 47 6 6
40 48 4 4
40 49 6 6
40 50 4 4
40 51 9 9
40 52 7 7
40 53 4 4
40 54 4 4
40 55 4 4
40 56 3 3
40 57 6 6
40 58 4 4
40 59 3 3
40 60 7 7
40 61 8 8
40 62 6 6
40 63 5 5
40 64 4 4
40 65 10 10
40 66 3 3
40 67 3 3
40 68 4 4
40 69 3 3
40 70 3 3
40 71 4 4
40 72 5 5
40 73 8 8
40 74 5 5
40 75 8 8
40 76 7 7
40 77 4 4
40 78 5 5
40 79 5 5
40 80 5 5
40 81 6 6
40 82 4 4
40 83 3 3
40 84 2 2
40 85 1 1
40 86 5 5
40 87 3 3
40 88 4 4
40 89 3 3
40 90 4 4
40 91 6 6
40 92 3 3
40 93 6 6
40 94 3 3
40 95 5 5
40 96 6 6
40 97 2 2
40 98 5 5
40 99 2 2
40 100 3 3
41 42 5 5
41 43 6 6
41 44 6 6
41 45 2 2
41 46 6 6
41 47 7 7
41 48 7 7
41 49 6 6
41 50 9 9
41 51 6 6
41 52 2 2
41 53 2 2
41 54 8 8
41 55 4 4
41 56 6 6
41 57 4 4
41 58 4 4
41 59 5 5
41 60 8 8
41 61 7 7
41 62 6 6
41 63 3 3
41 64 8 8
41 65 5 5
41 66 6 6
41 67 5 5
41 68 9 9
41 69 3 3
41 70 4 4
41 71 3 3
41 72 4 4
41 73 6 6
41 74 5 5
41 75 5 5
41 76 6 6
41 77 4 4
41 78 2 2
41 79 7 7
41 80 4 4
41 81 4 4
41 82 3 3
41 83 4 4
41 84 3 3
41 85 2 2
41 86 3 3
41 87 3 3
41 88 3 3
41 89 4 4
41 90 7 7
41 91 3 3
41 92 5 5
41 93 9 9
41 94 7 7
41 95 8 8
41 96 6 6
41 97 6 6
41 98 5 5
41 99 4 4
41 100 5 5
42 43 3 3
42 44 5 5
42 45 5 5
42 46 7 7
42 47 6 6
42 48 2 2
42 49 4 4
42 50 5 5
42 51 4 4
42 52 5 5
42 53 6 6
42 54 9 9
42 55 6 6
42 56 8 8
42 57 5 5
42 58 2 2
42 59 4 4
42 60 1 1
42 61 1 1
42 62 5 5
42 63 2 2
42 64 6 6
42 65 5 5
42 66 5 5
42 67 6 6
42 68 3 3
42 69 8 8
42 70 6 6
42 71 3 3
42 72 3 3
42 73 8 8
42 74 5 5
42 75 1 1
42 76 9 9
42 77 5 5
42 78 6 6
42 79 7 7
42 80 6 6
42 81 10 10
42 82 8 8
42 83 7 7
42 84 5 5
42 85 6 6
42 86 7 7
42 87 4 4
42 88 7 7
42 89 5 5
42 90 6 6
42 91 3 3
42 92 6 6
42 93 6 6
42 94 9 9
42 95 5 5
42 96 6 6
42 97 4 4
42 98 4 4
42 99 3 3
42 100 3 3
43 44 3 3
43 45 8 8
43 46 6 6
43 47 5 5
43 48 3 3
43 49 3 3
43 50 4 4
43 51 6 6
43 52 4 4
43 53 6 6
43 54 6 6
43 55 6 6
43 56 3 3
43 57 10 10
43 58 4 4
43 59 6 6
43 60 5 5
43 61 5 5
43 62 5 5
43 63 3 3
43 64 5 5
43 65 7 7
43 66 6 6
43 67 6 6
43 68 9 9
43 69 3 3
43 70 7 7
43 71 6 6
43 72 3 3
43 73 3 3
43 74 1 1
43 75 2 2
43 76 5 5
43 77 5 5
43 78 6 6
43 79 5 5
43 80 5 5
43 81 6 6
43 82 3 3
43 83 6 6
43 84 5 5
43 85 3 3
43 86 2 2
43 87 6 6
43 88 7 7
43 89 1 1
43 90 4 4
43 91 3 3
43 92 7 7
43 93 5 5
43 94 9 9
43 95 5 5
43 96 6 6
43 97 5 5
43 98 5 5
43 99 5 5
43 100 8 8
44 45 3 3
44 46 4 4
44 47 7 7
44 48 2 2
44 49 5 5
44 50 5 5
44 51 2 2
44 52 7 7
44 53 4 4
44 54 8 8
44 55 8 8
44 56 6 6
44 57 2 2
44 58 4 4
44 59 8 8
44 60 7 7
44 61 8 8
44 62 4 4
44 63 5 5
44 64 6 6
44 65 5 5
44 66 8 8
44 67 4 4
44 68 2 2
44 69 3 3
44 70 3 3
44 71 2 2
44 72 4 4
44 73 1 1
44 74 4 4
44 75 7 7
44 76 5 5
44 77 2 2
44 78 3 3
44 79 4 4
44 80 4 4
44 81 5 5
44 82 4 4
44 83 6 6
44 84 8 8
44 85 6 6
44 86 1 1
44 87 3 3
44 88 3 3
44 89 8 8
44 90 3 3
44 91 6 6
44 92 5 5
44 93 5 5
44 94 5 5
44 95 4 4
44 96 6 6
44 97 6 6
44 98 4 4
44 99 8 8
44 100 4 4
45 46 2 2
45 47 5 5
45 48 2 2
45 49 7 7
45 50 1 1
45 51 8 8
45 52 8 8
45 53 7 7
45 54 3 3
45 55 4 4
45 56 8 8
45 57 4 4
45 58 4 4
45 59 5 5
45 60 10 10
45 61 3 3
45 62 2 2
45 63 6 6
45 64 7 7
45 65 7 7
45 66 5 5
45 67 4 4
45 68 8 8
45 69 3 3
45 70 1 1
45 71 4 4
45 72 4 4
45 73 6 6
45 74 5 5
45 75 6 6
45 76 4 4
45 77 9 9
45 78 7 7
45 79 6 6
45 80 5 5
45 81 6 6
45 82 4 4
45 83 4 4
45 84 6 6
45 85 6 6
45 86 5 5
45 87 2 2
45 88 4 4
45 89 5 5
45 90 8 8
45 91 4 4
45 92 3 3
45 93 3 3
45 94 5 5
45 95 6 6
45 96 5 5
45 97 4 4
45 98 6 6
45 99 5 5
45 100 2 2
46 47 6 6
46 48 4 4
46 49 3 3
46 50 4 4
46 51 6 6
46 52 2 2
46 53 5 5
46 54 4 4
46 55 6 6
46 56 7 7
46 57 3 3
46 58 7 7
46 59 2 2
46 60 8 8
46 61 5 5
46 62 10 10
46 63 5 5
46 64 5 5
46 65 8 8
46 66 3 3
46 67 6 6
46 68 8 8
46 69 7 7
46 70 2 2
46 71 5 5
46 72 4 4
46 73 4 4
46 74 4 4
46 75 8 8
46 76 6 6
46 77 7 7
46 78 7 7
46 79 8 8
46 80 7 7
46 81 7 7
46 82 3 3
46 83 4 4
46 84 6 6
46 85 7 7
46 86 9 9
46 87 3 3
46 88 4 4
46 89 5 5
46 90 8 8
46 91 3 3
46 92 5 5
46 93 4 4
46 94 6 6
46 95 2 2
46 96 3 3
46 97 6 6
46 98 7 7
46 99 4 4
46 100 7 7
47 48 3 3
47 49 5 5
47 50 3 3
47 51 5 5
47 52 2 2
47 53 4 4
47 54 9 9
47 55 6 6
47 56 4 4
47 57 6 6
47 58 6 6
47 59 4 4
47 60 7 7
47 61 9 9
47 62 10 10
47 63 3 3
47 64 3 3
47 65 4 4
47 66 2 2
47 67 3 3
47 68 4 4
47 69 9 9
47 70 6 6
47 71 5 5
47 72 2 2
47 73 4 4
47 74 2 2
47 75 7 7
47 76 4 4
47 77 4 4
47 78 5 5
47 79 9 9
47 80 7 7
47 81 5 5
47 82 4 4
47 83 4 4
47 84 4 4
47 85 4 4
47 86 5 5
47 87 6 6
47 88 1 1
47 89 6 6
47 90 3 3
47 91 4 4
47 92 6 6
47 93 8 8
47 94 8 8
47 95 4 4
47 96 7 7
47 97 7 7
47 98 4 4
47 99 6 6
47 100 4 4
48 49 5 5
48 50 5 5
48 51 6 6
48 52 6 6
48 53 2 2
48 54 4 4
48 55 3 3
48 56 5 5
48 57 5 5
48 58 9 9
48 59 3 3
48 60 6 6
48 61 4 4
48 62 9 9
48 63 6 6
48 64 6 6
48 65 7 7
48 66 2 2
48 67 5 5
48 68 10 10
48 69 6 6
48 70 3 3
48 71 1 1
48 72 8 8
48 73 5 5
48 74 4 4
48 75 6 6
48 76 7 7
48 77 6 6
48 78 5 5
48 79 7 7
48 80 6 6
48 81 9 9
48 82 7 7
48 83 5 5
48 84 7 7
48 85 6 6
48 86 7 7
48 87 5 5
48 88 5 5
48 89 5 5
48 90 6 6
48 91 3 3
48 92 5 5
48 93 7 7
48 94 6 6
48 95 3 3
48 96 8 8
48 97 7 7
48 98 6 6
48 99 6 6
48 100 5 5
49 50 2 2
49 51 4 4
49 52 5 5
49 53 2 2
49 54 8 8
49 55 6 6
49 56 4 4
49 57 3 3
49 58 5 5
49 59 5 5
49 60 4 4
49 61 1 1
49 62 3 3
49 63 4 4
49 64 5 5
49 65 2 2
49 66 2 2
49 67 7 7
49 68 4 4
49 69 3 3
49 70 3 3
49 71 6 6
49 72 6 6
49 73 4 4
49 74 7 7
49 75 7 7
49 76 8 8
49 77 8 8
49 78 8 8
49 79 5 5
49 80 7 7
49 81 4 4
49 82 8 8
49 83 6 6
49 84 2 2
49 85 3 3
49 86 5 5
49 87 7 7
49 88 1 1
49 89 6 6
49 90 7 7
49 91 6 6
49 92 10 10
49 93 2 2
49 94 2 2
49 95 5 5
49 96 5 5
49 97 6 6
49 98 4 4
49 99 9 9
49 100 4 4
50 51 1 1
50 52 8 8
50 53 4 4
50 54 5 5
50 55 3 3
50 56 7 7
50 57 5 5
50 58 5 5
50 59 5 5
50 60 4 4
50 61 6 6
50 62 5 5
50 63 4 4
50 64 9 9
50 65 9 9
50 66 8 8
50 67 5 5
50 68 8 8
50 69 6 6
50 70 4 4
50 71 4 4
50 72 1 1
50 73 6 6
50 74 3 3
50 75 6 6
50 76 7 7
50 77 3 3
50 78 7 7
50 79 6 6
50 80 4 4
50 81 5 5
50 82 3 3
50 83 5 5
50 84 6 6
50 85 3 3
50 86 5 5
50 87 4 4
50 88 2 2
50 89 2 2
50 90 6 6
50 91 5 5
50 92 7 7
50 93 5 5
50 94 4 4
50 95 9 9
50 96 1 1
50 97 3 3
50 98 3 3
50 99 5 5
50 100 5 5
51 52 3 3
51 53 5 5
51 54 4 4
51 55 1 1
51 56 3 3
51 57 9 9
51 58 4 4
51 59 7 7
51 60 4 4
51 61 1 1
51 62 6 6
51 63 5 5
51 64 5 5
51 65 7 7
51 66 3 3
51 67 3 3
51 68 1 1
51 69 4 4
51 70 2 2
51 71 2 2
51 72 6 6
51 73 5 5
51 74 4 4
51 75 3 3
51 76 5 5
51 77 6 6
51 78 6 6
51 79 8 8
51 80 4 4
51 81 2 2
51 82 2 2
51 83 4 4
51 84 6 6
51 85 4 4
51 86 5 5
51 87 5 5
51 88 7 7
51 89 4 4
51 90 4 4
51 91 6 6
51 92 3 3
51 93 8 8
51 94 8 8
51 95 8 8
51 96 4 4
51 97 5 5
51 98 6 6
51 99 3 3
51 100 7 7
52 53 5 5
52 54 4 4
52 55 2 2
52 56 7 7
52 57 7 7
52 58 4 4
52 59 5 5
52 60 5 5
52 61 3 3
52 62 7 7
52 63 4 4
52 64 6 6
52 65 7 7
52 66 5 5
52 67 6 6
52 68 6 6
52 69 7 7
52 70 1 1
52 71 6 6
52 72 7 7
52 73 5 5
52 74 3 3
52 75 4 4
52 76 2 2
52 77 2 2
52 78 6 6
52 79 5 5
52 80 4 4
52 81 4 4
52 82 1 1
52 83 7 7
52 84 2 2
52 85 1 1
52 86 3 3
52 87 6 6
52 88 1 1
52 89 3 3
52 90 7 7
52 91 2 2
52 92 8 8
52 93 4 4
52 94 8 8
52 95 7 7
52 96 2 2
52 97 6 6
52 98 5 5
52 99 6 6
52 100 5 5
53 54 5 5
53 55 4 4
53 56 2 2
53 57 3 3
53 58 8 8
53 59 4 4
53 60 4 4
53 61 5 5
53 62 2 2
53 63 4 4
53 64 3 3
53 65 6 6
53 66 9 9
53 67 4 4
53 68 3 3
53 69 5 5
53 70 3 3
53 71 6 6
53 72 4 4
53 73 4 4
53 74 2 2
53 75 5 5
53 76 7 7
53 77 3 3
53 78 8 8
53 79 5 5
53 80 3 3
53 81 6 6
53 82 7 7
53 83 4 4
53 84 4 4
53 85 5 5
53 86 4 4
53 87 5 5
53 88 3 3
53 89 4 4
53 90 9 9
53 91 4 4
53 92 1 1
53 93 5 5
53 94 7 7
53 95 7 7
53 96 5 5
53 97 4 4
53 98 6 6
53 99 4 4
53 100 4 4
54 55 1 1
54 56 5 5
54 57 5 5
54 58 7 7
54 59 3 3
54 60 3 3
54 61 7 7
54 62 6 6
54 63 4 4
54 64 6 6
54 65 3 3
54 66 6 6
54 67 3 3
54 68 8 8
54 69 5 5
54 70 7 7
54 71 7 7
54 72 1 1
54 73 6 6
54 74 2 2
54 75 4 4
54 76 6 6
54 77 3 3
54 78 4 4
54 79 8 8
54 80 3 3
54 81 5 5
54 82 3 3
54 83 5 5
54 84 2 2
54 85 7 7
54 86 3 3
54 87 4 4
54 88 8 8
54 89 6 6
54 90 5 5
54 91 5 5
54 92 7 7
54 93 8 8
54 94 6 6
54 95 6 6
54 96 4 4
54 97 3 3
54 98 1 1
54 99 10 10
54 100 5 5
55 56 6 6
55 57 4 4
55 58 6 6
55 59 6 6
55 60 5 5
55 61 7 7
55 62 5 5
55 63 6 6
55 64 3 3
55 65 5 5
55 66 5 5
55 67 1 1
55 68 8 8
55 69 4 4
55 70 7 7
55 71 5 5
55 72 7 7
55 73 5 5
55 74 8 8
55 75 6 6
55 76 4 4
55 77 10 10
55 78 4 4
55 79 5 5
55 80 4 4
55 81 4 4
55 82 4 4
55 83 5 5
55 84 3 3
55 85 5 5
55 86 3 3
55 87 6 6
55 88 7 7
55 89 4 4
55 90 6 6
55 91 4 4
55 92 6 6
55 93 5 5
55 94 7 7
55 95 2 2
55 96 5 5
55 97 5 5
55 98 3 3
55 99 4 4
55 100 5 5
56 57 6 6
56 58 1 1
56 59 3 3
56 60 6 6
56 61 3 3
56 62 9 9
56 63 2 2
56 64 4 4
56 65 6 6
56 66 2 2
56 67 6 6
56 68 1 1
56 69 7 7
56 70 5 5
56 71 5 5
56 72 5 5
56 73 5 5
56 74 3 3
56 75 9 9
56 76 3 3
56 77 4 4
56 78 9 9
56 79 7 7
56 80 8 8
56 81 3 3
56 82 2 2
56 83 5 5
56 84 3 3
56 85 7 7
56 86 2 2
56 87 4 4
56 88 4 4
56 89 6 6
56 90 3 3
56 91 5 5
56 92 8 8
56 93 5 5
56 94 6 6
56 95 4 4
56 96 4 4
56 97 3 3
56 98 4 4
56 99 4 4
56 100 4 4
57 58 4 4
57 59 8 8
57 60 7 7
57 61 6 6
57 62 3 3
57 63 3 3
57 64 8 8
57 65 7 7
57 66 5 5
57 67 5 5
57 68 5 5
57 69 4 4
57 70 7 7
57 71 2 2
57 72 5 5
57 73 4 4
57 74 6 6
57 75 5 5
57 76 6 6
57 77 5 5
57 78 6 6
57 79 7 7
57 80 1 1
57 81 4 4
57 82 5 5
57 83 4 4
57 84 7 7
57 85 4 4
57 86 5 5
57 87 7 7
57 88 5 5
57 89 6 6
57 90 4 4
57 91 6 6
57 92 3 3
57 93 7 7
57 94 8 8
57 95 4 4
57 96 6 6
57 97 6 6
57 98 7 7
57 99 5 5
57 100 4 4
58 59 6 6
58 60 4 4
58 61 1 1
58 62 7 7
58 63 4 4
58 64 4 4
58 65 7 7
58 66 2 2
58 67 4 4
58 68 9 9
58 69 4 4
58 70 8 8
58 71 6 6
58 72 6 6
58 73 3 3
58 74 8 8
58 75 3 3
58 76 4 4
58 77 3 3
58 78 8 8
58 79 8 8
58 80 2 2
58 81 7 7
58 82 6 6
58 83 6 6
58 84 2 2
58 85 6 6
58 86 4 4
58 87 6 6
58 88 7 7
58 89 5 5
58 90 4 4
58 91 6 6
58 92 9 9
58 93 5 5
58 94 6 6
58 95 5 5
58 96 5 5
58 97 3 3
58 98 6 6
58 99 5 5
58 100 6 6
59 60 4 4
59 61 3 3
59 62 1 1
59 63 4 4
59 64 4 4
59 65 4 4
59 66 3 3
59 67 2 2
59 68 2 2
59 69 5 5
59 70 5 5
59 71 2 2
59 72 3 3
59 73 9 9
59 74 8 8
59 75 7 7
59 76 4 4
59 77 4 4
59 78 8 8
59 79 6 6
59 80 4 4
59 81 3 3
59 82 5 5
59 83 7 7
59 84 7 7
59 85 2 2
59 86 4 4
59 87 6 6
59 88 5 5
59 89 4 4
59 90 5 5
59 91 5 5
59 92 5 5
59 93 3 3
59 94 5 5
59 95 4 4
59 96 5 5
59 97 8 8
59 98 7 7
59 99 7 7
59 100 6 6
60 61 7 7
60 62 5 5
60 63 5 5
60 64 6 6
60 65 8 8
60 66 4 4
60 67 6 6
60 68 4 4
60 69 4 4
60 70 4 4
60 71 4 4
60 72 7 7
60 73 3 3
60 74 5 5
60 75 6 6
60 76 6 6
60 77 7 7
60 78 3 3
60 79 3 3
60 80 6 6
60 81 5 5
60 82 6 6
60 83 4 4
60 84 1 1
60 85 4 4
60 86 8 8
60 87 3 3
60 88 2 2
60 89 2 2
60 90 3 3
60 91 1 1
60 92 2 2
60 93 7 7
60 94 3 3
60 95 5 5
60 96 5 5
60 97 3 3
60 98 8 8
60 99 5 5
60 100 6 6
61 62 5 5
61 63 8 8
61 64 7 7
61 65 6 6
61 66 3 3
61 67 10 10
61 68 3 3
61 69 5 5
61 70 4 4
61 71 5 5
61 72 2 2
61 73 6 6
61 74 2 2
61 75 5 5
61 76 4 4
61 77 3 3
61 78 6 6
61 79 6 6
61 80 5 5
61 81 4 4
61 82 5 5
61 83 5 5
61 84 7 7
61 85 4 4
61 86 5 5
61 87 4 4
61 88 6 6
61 89 5 5
61 90 7 7
61 91 5 5
61 92 6 6
61 93 7 7
61 94 2 2
61 95 8 8
61 96 7 7
61 97 7 7
61 98 7 7
61 99 4 4
61 100 6 6
62 63 7 7
62 64 6 6
62 65 5 5
62 66 7 7
62 67 6 6
62 68 4 4
62 69 5 5
62 70 7 7
62 71 7 7
62 72 5 5
62 73 6 6
62 74 7 7
62 75 7 7
62 76 4 4
62 77 8 8
62 78 4 4
62 79 3 3
62 80 6 6
62 81 6 6
62 82 9 9
62 83 2 2
62 84 3 3
62 85 2 2
62 86 1 1
62 87 8 8
62 88 4 4
62 89 5 5
62 90 7 7
62 91 3 3
62 92 2 2
62 93 4 4
62 94 2 2
62 95 7 7
62 96 7 7
62 97 6 6
62 98 5 5
62 99 6 6
62 100 6 6
63 64 5 5
63 65 4 4
63 66 4 4
63 67 3 3
63 68 1 1
63 69 8 8
63 70 5 5
63 71 6 6
63 72 8 8
63 73 1 1
63 74 3 3
63 75 7 7
63 76 5 5
63 77 8 8
63 78 2 2
63 79 5 5
63 80 3 3
63 81 4 4
63 82 6 6
63 83 4 4
63 84 3 3
63 85 4 4
63 86 6 6
63 87 5 5
63 88 5 5
63 89 1 1
63 90 10 10
63 91 7 7
63 92 1 1
63 93 4 4
63 94 5 5
63 95 6 6
63 96 2 2
63 97 1 1
63 98 5 5
63 99 5 5
63 100 6 6
64 65 3 3
64 66 10 10
64 67 9 9
64 68 5 5
64 69 3 3
64 70 5 5
64 71 5 5
64 72 4 4
64 73 3 3
64 74 8 8
64 75 4 4
64 76 1 1
64 77 5 5
64 78 10 10
64 79 6 6
64 80 6 6
64 81 8 8
64 82 3 3
64 83 7 7
64 84 5 5
64 85 3 3
64 86 7 7
64 87 8 8
64 88 4 4
64 89 6 6
64 90 7 7
64 91 8 8
64 92 7 7
64 93 3 3
64 94 2 2
64 95 5 5
64 96 7 7
64 97 8 8
64 98 6 6
64 99 3 3
64 100 2 2
65 66 6 6
65 67 7 7
65 68 6 6
65 69 5 5
65 70 4 4
65 71 7 7
65 72 4 4
65 73 5 5
65 74 5 5
65 75 5 5
65 76 4 4
65 77 7 7
65 78 5 5
65 79 6 6
65 80 6 6
65 81 5 5
65 82 3 3
65 83 8 8
65 84 5 5
65 85 3 3
65 86 5 5
65 87 8 8
65 88 7 7
65 89 2 2
65 90 5 5
65 91 7 7
65 92 7 7
65 93 7 7
65 94 4 4
65 95 1 1
65 96 6 6
65 97 7 7
65 98 7 7
65 99 3 3
65 100 5 5
66 67 8 8
66 68 6 6
66 69 3 3
66 70 5 5
66 71 5 5
66 72 4 4
66 73 7 7
66 74 5 5
66 75 3 3
66 76 6 6
66 77 2 2
66 78 8 8
66 79 9 9
66 80 1 1
66 81 7 7
66 82 3 3
66 83 5 5
66 84 7 7
66 85 4 4
66 86 7 7
66 87 6 6
66 88 5 5
66 89 4 4
66 90 3 3
66 91 7 7
66 92 3 3
66 93 2 2
66 94 5 5
66 95 5 5
66 96 3 3
66 97 2 2
66 98 8 8
66 99 6 6
66 100 7 7
67 68 8 8
67 69 6 6
67 70 4 4
67 71 3 3
67 72 7 7
67 73 3 3
67 74 2 2
67 75 7 7
67 76 7 7
67 77 6 6
67 78 3 3
67 79 5 5
67 80 7 7
67 81 7 7
67 82 6 6
67 83 4 4
67 84 5 5
67 85 5 5
67 86 3 3
67 87 6 6
67 88 7 7
67 89 5 5
67 90 4 4
67 91 3 3
67 92 6 6
67 93 3 3
67 94 5 5
67 95 3 3
67 96 6 6
67 97 4 4
67 98 6 6
67 99 6 6
67 100 7 7
68 69 6 6
68 70 4 4
68 71 3 3
68 72 6 6
68 73 1 1
68 74 3 3
68 75 6 6
68 76 7 7
68 77 6 6
68 78 5 5
68 79 4 4
68 80 8 8
68 81 6 6
68 82 8 8
68 83 6 6
68 84 3 3
68 85 6 6
68 86 7 7
68 87 9 9
68 88 8 8
68 89 5 5
68 90 7 7
68 91 6 6
68 92 5 5
68 93 4 4
68 94 8 8
68 95 10 10
68 96 2 2
68 97 2 2
68 98 5 5
68 99 4 4
68 100 4 4
69 70 2 2
69 71 6 6
69 72 1 1
69 73 2 2
69 74 3 3
69 75 5 5
69 76 6 6
69 77 4 4
69 78 6 6
69 79 3 3
69 80 7 7
69 81 3 3
69 82 5 5
69 83 8 8
69 84 8 8
69 85 6 6
69 86 5 5
69 87 6 6
69 88 4 4
69 89 4 4
69 90 3 3
69 91 4 4
69 92 5 5
69 93 4 4
69 94 5 5
69 95 6 6
69 96 1 1
69 97 7 7
69 98 5 5
69 99 4 4
69 100 5 5
70 71 5 5
70 72 6 6
70 73 6 6
70 74 6 6
70 75 4 4
70 76 6 6
70 77 3 3
70 78 5 5
70 79 3 3
70 80 8 8
70 81 7 7
70 82 1 1
70 83 2 2
70 84 6 6
70 85 5 5
70 86 6 6
70 87 8 8
70 88 7 7
70 89 4 4
70 90 5 5
70 91 7 7
70 92 3 3
70 93 5 5
70 94 3 3
70 95 5 5
70 96 8 8
70 97 5 5
70 98 4 4
70 99 6 6
70 100 7 7
71 72 4 4
71 73 2 2
71 74 7 7
71 75 5 5
71 76 6 6
71 77 5 5
71 78 7 7
71 79 4 4
71 80 1 1
71 81 6 6
71 82 5 5
71 83 6 6
71 84 5 5
71 85 4 4
71 86 4 4
71 87 9 9
71 88 8 8
71 89 6 6
71 90 3 3
71 91 6 6
71 92 5 5
71 93 7 7
71 94 6 6
71 95 5 5
71 96 4 4
71 97 6 6
71 98 4 4
71 99 6 6
71 100 5 5
72 73 9 9
72 74 7 7
72 75 4 4
72 76 3 3
72 77 7 7
72 78 6 6
72 79 7 7
72 80 7 7
72 81 4 4
72 82 6 6
72 83 5 5
72 84 3 3
72 85 9 9
72 86 4 4
72 87 6 6
72 88 8 8
72 89 2 2
72 90 3 3
72 91 4 4
72 92 2 2
72 93 5 5
72 94 3 3
72 95 5 5
72 96 3 3
72 97 6 6
72 98 5 5
72 99 2 2
72 100 4 4
73 74 7 7
73 75 5 5
73 76 5 5
73 77 6 6
73 78 5 5
73 79 6 6
73 80 2 2
73 81 6 6
73 82 6 6
73 83 4 4
73 84 6 6
73 85 6 6
73 86 4 4
73 87 5 5
73 88 2 2
73 89 4 4
73 90 6 6
73 91 2 2
73 92 3 3
73 93 1 1
73 94 3 3
73 95 6 6
73 96 4 4
73 97 10 10
73 98 7 7
73 99 2 2
73 100 2 2
74 75 2 2
74 76 2 2
74 77 7 7
74 78 5 5
74 79 3 3
74 80 2 2
74 81 3 3
74 82 6 6
74 83 8 8
74 84 8 8
74 85 4 4
74 86 3 3
74 87 6 6
74 88 5 5
74 89 5 5
74 90 6 6
74 91 4 4
74 92 6 6
74 93 7 7
74 94 5 5
74 95 3 3
74 96 5 5
74 97 2 2
74 98 4 4
74 99 5 5
74 100 4 4
75 76 7 7
75 77 4 4
75 78 5 5
75 79 7 7
75 80 3 3
75 81 5 5
75 82 8 8
75 83 6 6
75 84 6 6
75 85 7 7
75 86 6 6
75 87 7 7
75 88 6 6
75 89 9 9
75 90 3 3
75 91 6 6
75 92 4 4
75 93 5 5
75 94 5 5
75 95 4 4
75 96 5 5
75 97 5 5
75 98 1 1
75 99 7 7
75 100 6 6
76 77 7 7
76 78 6 6
76 79 4 4
76 80 9 9
76 81 7 7
76 82 6 6
76 83 7 7
76 84 3 3
76 85 9 9
76 86 4 4
76 87 4 4
76 88 10 10
76 89 10 10
76 90 6 6
76 91 5 5
76 92 7 7
76 93 5 5
76 94 3 3
76 95 3 3
76 96 3 3
76 97 4 4
76 98 6 6
76 99 7 7
76 100 4 4
77 78 5 5
77 79 3 3
77 80 4 4
77 81 8 8
77 82 4 4
77 83 1 1
77 84 5 5
77 85 5 5
77 86 7 7
77 87 6 6
77 88 5 5
77 89 4 4
77 90 5 5
77 91 4 4
77 92 6 6
77 93 7 7
77 94 5 5
77 95 6 6
77 96 4 4
77 97 3 3
77 98 7 7
77 99 5 5
77 100 2 2
78 79 8 8
78 80 3 3
78 81 6 6
78 82 5 5
78 83 2 2
78 84 3 3
78 85 7 7
78 86 7 7
78 87 3 3
78 88 4 4
78 89 6 6
78 90 1 1
78 91 8 8
78 92 4 4
78 93 5 5
78 94 1 1
78 95 4 4
78 96 6 6
78 97 8 8
78 98 7 7
78 99 4 4
78 100 4 4
79 80 8 8
79 81 4 4
79 82 6 6
79 83 4 4
79 84 3 3
79 85 6 6
79 86 6 6
79 87 6 6
79 88 5 5
79 89 7 7
79 90 9 9
79 91 6 6
79 92 9 9
79 93 8 8
79 94 8 8
79 95 5 5
79 96 4 4
79 97 7 7
79 98 9 9
79 99 2 2
79 100 5 5
80 81 3 3
80 82 5 5
80 83 4 4
80 84 4 4
80 85 7 7
80 86 5 5
80 87 5 5
80 88 6 6
80 89 4 4
80 90 7 7
80 91 6 6
80 92 4 4
80 93 8 8
80 94 3 3
80 95 1 1
80 96 5 5
80 97 3 3
80 98 5 5
80 99 3 3
80 100 6 6
81 82 5 5
81 83 5 5
81 84 9 9
81 85 8 8
81 86 3 3
81 87 3 3
81 88 5 5
81 89 6 6
81 90 6 6
81 91 4 4
81 92 7 7
81 93 1 1
81 94 6 6
81 95 3 3
81 96 8 8
81 97 4 4
81 98 2 2
81 99 6 6
81 100 6 6
82 83 4 4
82 84 1 1
82 85 6 6
82 86 4 4
82 87 5 5
82 88 8 8
82 89 7 7
82 90 8 8
82 91 6 6
82 92 5 5
82 93 8 8
82 94 4 4
82 95 3 3
82 96 3 3
82 97 6 6
82 98 7 7
82 99 4 4
82 100 2 2
83 84 3 3
83 85 4 4
83 86 2 2
83 87 6 6
83 88 5 5
83 89 7 7
83 90 6 6
83 91 5 5
83 92 4 4
83 93 5 5
83 94 4 4
83 95 4 4
83 96 4 4
83 97 7 7
83 98 5 5
83 99 5 5
83 100 2 2
84 85 4 4
84 86 6 6
84 87 3 3
84 88 5 5
84 89 5 5
84 90 5 5
84 91 2 2
84 92 7 7
84 93 5 5
84 94 6 6
84 95 7 7
84 96 4 4
84 97 6 6
84 98 6 6
84 99 8 8
84 100 6 6
85 86 4 4
85 87 4 4
85 88 5 5
85 89 5 5
85 90 5 5
85 91 3 3
85 92 9 9
85 93 5 5
85 94 9 9
85 95 4 4
85 96 2 2
85 97 1 1
85 98 6 6
85 99 4 4
85 100 5 5
86 87 6 6
86 88 1 1
86 89 6 6
86 90 5 5
86 91 4 4
86 92 2 2
86 93 2 2
86 94 7 7
86 95 2 2
86 96 2 2
86 97 1 1
86 98 1 1
86 99 9 9
86 100 6 6
87 88 4 4
87 89 5 5
87 90 8 8
87 91 9 9
87 92 3 3
87 93 1 1
87 94 8 8
87 95 9 9
87 96 5 5
87 97 3 3
87 98 5 5
87 99 2 2
87 100 5 5
88 89 2 2
88 90 4 4
88 91 4 4
88 92 6 6
88 93 7 7
88 94 6 6
88 95 3 3
88 96 4 4
88 97 5 5
88 98 7 7
88 99 5 5
88 100 5 5
89 90 3 3
89 91 5 5
89 92 5 5
89 93 4 4
89 94 8 8
89 95 9 9
89 96 5 5
89 97 7 7
89 98 6 6
89 99 4 4
89 100 7 7
90 91 5 5
90 92 6 6
90 93 4 4
90 94 1 1
90 95 4 4
90 96 8 8
90 97 5 5
90 98 7 7
90 99 2 2
90 100 3 3
91 92 6 6
91 93 9 9
91 94 3 3
91 95 5 5
91 96 3 3
91 97 6 6
91 98 4 4
91 99 7 7
91 100 6 6
92 93 2 2
92 94 7 7
92 95 4 4
92 96 4 4
92 97 5 5
92 98 1 1
92 99 4 4
92 100 3 3
93 94 6 6
93 95 3 3
93 96 5 5
93 97 6 6
93 98 4 4
93 99 2 2
93 100 1 1
94 95 5 5
94 96 3 3
94 97 3 3
94 98 7 7
94 99 4 4
94 100 5 5
95 96 7 7
95 97 3 3
95 98 7 7
95 99 3 3
95 100 3 3
96 97 3 3
96 98 3 3
96 99 6 6
96 100 3 3
97 98 1 1
97 99 3 3
97 100 7 7
98 99 7 7
98 100 7 7
99 100 4 4
