25
3
7
2
25
12
1
1
1 2 9 9
1 3 8 8
1 4 5 5
1 5 5 5
1 6 5 5
1 7 4 4
1 8 5 5
1 9 5 5
1 10 5 5
1 11 5 5
1 12 4 4
1 13 3 3
1 14 4 4
1 15 5 5
1 16 4 4
1 17 1 1
1 18 1 1
1 19 5 5
1 20 5 5
1 21 8 8
1 22 6 6
1 23 5 5
1 24 4 4
1 25 3 3
2 3 9 9
2 4 6 6
2 5 7 7
2 6 6 6
2 7 6 6
2 8 4 4
2 9 4 4
2 10 4 4
2 11 7 7
2 12 3 3
2 13 6 6
2 14 5 5
2 15 3 3
2 16 8 8
2 17 4 4
2 18 4 4
2 19 7 7
2 20 6 6
2 21 6 6
2 22 6 6
2 23 7 7
2 24 5 5
2 25 7 7
3 4 7 7
3 5 4 4
3 6 3 3
3 7 2 2
3 8 6 6
3 9 7 7
3 10 5 5
3 11 4 4
3 12 9 9
3 13 5 5
3 14 3 3
3 15 2 2
3 16 4 4
3 17 2 2
3 18 5 5
3 19 4 4
3 20 5 5
3 21 9 9
3 22 3 3
3 23 4 4
3 24 4 4
3 25 5 5
4 5 3 3
4 6 4 4
4 7 6 6
4 8 5 5
4 9 3 3
4 10 6 6
4 11 1 1
4 12 8 8
4 13 7 7
4 14 2 2
4 15 8 8
4 16 5 5
4 17 6 6
4 18 7 7
4 19 7 7
4 20 8 8
4 21 4 4
4 22 10 10
4 23 3 3
4 24 8 8
4 25 1 1
5 6 3 3
5 7 8 8
5 8 5 5
5 9 4 4
5 10 6 6
5 11 9 9
5 12 5 5
5 13 4 4
5 14 7 7
5 15 2 2
5 16 10 10
5 17 2 2
5 18 4 4
5 19 7 7
5 20 2 2
5 21 3 3
5 22 3 3
5 23 1 1
5 24 6 6
5 25 6 6
6 7 7 7
6 8 4 4
6 9 5 5
6 10 9 9
6 11 6 6
6 12 4 4
6 13 7 7
6 14 4 4
6 15 6 6
6 16 5 5
6 17 7 7
6 18 6 6
6 19 7 7
6 20 9 9
6 21 7 7
6 22 4 4
6 23 5 5
6 24 5 5
6 25 6 6
7 8 6 6
7 9 2 2
7 10 4 4
7 11 6 6
7 12 8 8
7 13 6 6
7 14 5 5
7 15 6 6
7 16 1 1
7 17 7 7
7 18 5 5
7 19 3 3
7 20 10 10
7 21 3 3
7 22 1 1
7 23 6 6
7 24 4 4
7 25 4 4
8 9 4 4
8 10 4 4
8 11 7 7
8 12 6 6
8 13 7 7
8 14 5 5
8 15 3 3
8 16 3 3
8 17 7 7
8 18 2 2
8 19 4 4
8 20 5 5
8 21 7 7
8 22 6 6
8 23 3 3
8 24 3 3
8 25 8 8
9 10 5 5
9 11 7 7
9 12 5 5
9 13 5 5
9 14 3 3
9 15 5 5
9 16 7 7
9 17 2 2
9 18 6 6
9 19 8 8
9 20 6 6
9 21 7 7
9 22 4 4
9 23 3 3
9 24 8 8
9 25 10 10
10 11 2 2
10 12 4 4
10 13 5 5
10 14 5 5
10 15 6 6
10 16 3 3
10 17 5 5
10 18 5 5
10 19 7 7
10 20 5 5
10 21 9 9
10 22 3 3
10 23 6 6
10 24 4 4
10 25 3 3
11 12 8 8
11 13 4 4
11 14 8 8
11 15 3 3
11 16 4 4
11 17 7 7
11 18 4 4
11 19 2 2
11 20 5 5
11 21 8 8
11 22 6 6
11 23 6 6
11 24 7 7
11 25 7 7
12 13 4 4
12 14 7 7
12 15 6 6
12 16 4 4
12 17 4 4
12 18 5 5
12 19 7 7
12 20 6 6
12 21 4 4
12 22 5 5
12 23 4 4
12 24 5 5
12 25 6 6
13 14 4 4
13 15 7 7
13 16 9 9
13 17 3 3
13 18 8 8
13 19 1 1
13 20 5 5
13 21 7 7
13 22 3 3
13 23 4 4
13 24 9 9
13 25 7 7
14 15 8 8
14 16 5 5
14 17 6 6
14 18 4 4
14 19 2 2
14 20 5 5
14 21 2 2
14 22 1 1
14 23 7 7
14 24 3 3
14 25 7 7
15 16 6 6
15 17 7 7
15 18 2 2
15 19 8 8
15 20 3 3
15 21 4 4
15 22 3 3
15 23 6 6
15 24 4 4
15 25 8 8
16 17 5 5
16 18 2 2
16 19 3 3
16 20 6 6
16 21 5 5
16 22 2 2
16 23 8 8
16 24 4 4
16 25 5 5
17 18 4 4
17 19 4 4
17 20 4 4
17 21 4 4
17 22 7 7
17 23 4 4
17 24 5 5
17 25 2 2
18 19 5 5
18 20 5 5
18 21 6 6
18 22 1 1
18 23 3 3
18 24 6 6
18 25 2 2
19 20 5 5
19 21 5 5
19 22 10 10
19 23 8 8
19 24 6 6
19 25 3 3
20 21 4 4
20 22 5 5
20 23 5 5
20 24 6 6
20 25 1 1
21 22 3 3
21 23 3 3
21 24 8 8
21 25 9 9
22 23 4 4
22 24 4 4
22 25 5 5
23 24 1 1
23 25 3 3
24 25 4 4
