75
3
7
4
73
34
1
69
1
75
1 2 8 8
1 3 6 6
1 4 7 7
1 5 6 6
1 6 10 10
1 7 6 6
1 8 8 8
1 9 5 5
1 10 3 3
1 11 5 5
1 12 8 8
1 13 7 7
1 14 6 6
1 15 3 3
1 16 6 6
1 17 4 4
1 18 3 3
1 19 1 1
1 20 8 8
1 21 6 6
1 22 4 4
1 23 5 5
1 24 5 5
1 25 4 4
1 26 4 4
1 27 9 9
1 28 5 5
1 29 8 8
1 30 6 6
1 31 9 9
1 32 3 3
1 33 1 1
1 34 7 7
1 35 6 6
1 36 4 4
1 37 2 2
1 38 5 5
1 39 6 6
1 40 4 4
1 41 5 5
1 42 5 5
1 43 5 5
1 44 4 4
1 45 6 6
1 46 2 2
1 47 4 4
1 48 3 3
1 49 6 6
1 50 5 5
1 51 5 5
1 52 5 5
1 53 7 7
1 54 7 7
1 55 2 2
1 56 2 2
1 57 6 6
1 58 5 5
1 59 3 3
1 60 3 3
1 61 4 4
1 62 9 9
1 63 6 6
1 64 7 7
1 65 3 3
1 66 7 7
1 67 8 8
1 68 3 3
1 69 5 5
1 70 4 4
1 71 8 8
1 72 2 2
1 73 7 7
1 74 6 6
1 75 5 5
2 3 6 6
2 4 3 3
2 5 6 6
2 6 4 4
2 7 5 5
2 8 6 6
2 9 3 3
2 10 1 1
2 11 1 1
2 12 3 3
2 13 9 9
2 14 4 4
2 15 7 7
2 16 5 5
2 17 6 6
2 18 2 2
2 19 6 6
2 20 6 6
2 21 8 8
2 22 3 3
2 23 6 6
2 24 9 9
2 25 6 6
2 26 1 1
2 27 7 7
2 28 5 5
2 29 2 2
2 30 6 6
2 31 7 7
2 32 3 3
2 33 6 6
2 34 5 5
2 35 6 6
2 36 9 9
2 37 4 4
2 38 5 5
2 39 6 6
2 40 1 1
2 41 6 6
2 42 9 9
2 43 1 1
2 44 7 7
2 45 5 5
2 46 6 6
2 47 4 4
2 48 6 6
2 49 9 9
2 50 2 2
2 51 4 4
2 52 5 5
2 53 6 6
2 54 5 5
2 55 7 7
2 56 7 7
2 57 5 5
2 58 4 4
2 59 5 5
2 60 4 4
2 61 8 8
2 62 7 7
2 63 5 5
2 64 5 5
2 65 4 4
2 66 6 6
2 67 8 8
2 68 4 4
2 69 9 9
2 70 3 3
2 71 4 4
2 72 8 8
2 73 4 4
2 74 7 7
2 75 4 4
3 4 4 4
3 5 2 2
3 6 4 4
3 7 5 5
3 8 7 7
3 9 3 3
3 10 4 4
3 11 5 5
3 12 3 3
3 13 4 4
3 14 9 9
3 15 4 4
3 16 6 6
3 17 6 6
3 18 4 4
3 19 3 3
3 20 5 5
3 21 7 7
3 22 5 5
3 23 4 4
3 24 9 9
3 25 6 6
3 26 4 4
3 27 4 4
3 28 4 4
3 29 3 3
3 30 3 3
3 31 4 4
3 32 6 6
3 33 8 8
3 34 5 5
3 35 6 6
3 36 3 3
3 37 9 9
3 38 6 6
3 39 1 1
3 40 6 6
3 41 10 10
3 42 6 6
3 43 1 1
3 44 6 6
3 45 8 8
3 46 2 2
3 47 4 4
3 48 7 7
3 49 5 5
3 50 3 3
3 51 4 4
3 52 3 3
3 53 1 1
3 54 3 3
3 55 3 3
3 56 4 4
3 57 5 5
3 58 4 4
3 59 5 5
3 60 4 4
3 61 1 1
3 62 5 5
3 63 4 4
3 64 5 5
3 65 2 2
3 66 5 5
3 67 6 6
3 68 6 6
3 69 2 2
3 70 8 8
3 71 3 3
3 72 7 7
3 73 6 6
3 74 5 5
3 75 6 6
4 5 6 6
4 6 2 2
4 7 8 8
4 8 8 8
4 9 3 3
4 10 7 7
4 11 5 5
4 12 2 2
4 13 5 5
4 14 5 5
4 15 6 6
4 16 5 5
4 17 5 5
4 18 2 2
4 19 3 3
4 20 5 5
4 21 7 7
4 22 4 4
4 23 2 2
4 24 9 9
4 25 5 5
4 26 4 4
4 27 4 4
4 28 1 1
4 29 4 4
4 30 3 3
4 31 1 1
4 32 5 5
4 33 2 2
4 34 2 2
4 35 7 7
4 36 10 10
4 37 10 10
4 38 2 2
4 39 4 4
4 40 5 5
4 41 5 5
4 42 7 7
4 43 6 6
4 44 6 6
4 45 3 3
4 46 8 8
4 47 6 6
4 48 4 4
4 49 8 8
4 50 7 7
4 51 9 9
4 52 2 2
4 53 5 5
4 54 1 1
4 55 2 2
4 56 9 9
4 57 6 6
4 58 6 6
4 59 3 3
4 60 4 4
4 61 7 7
4 62 5 5
4 63 4 4
4 64 5 5
4 65 5 5
4 66 5 5
4 67 2 2
4 68 4 4
4 69 5 5
4 70 8 8
4 71 5 5
4 72 6 6
4 73 3 3
4 74 4 4
4 75 5 5
5 6 8 8
5 7 4 4
5 8 5 5
5 9 8 8
5 10 8 8
5 11 4 4
5 12 3 3
5 13 7 7
5 14 5 5
5 15 7 7
5 16 4 4
5 17 6 6
5 18 7 7
5 19 3 3
5 20 5 5
5 21 7 7
5 22 6 6
5 23 5 5
5 24 3 3
5 25 4 4
5 26 6 6
5 27 7 7
5 28 6 6
5 29 4 4
5 30 5 5
5 31 4 4
5 32 6 6
5 33 5 5
5 34 10 10
5 35 5 5
5 36 5 5
5 37 4 4
5 38 1 1
5 39 6 6
5 40 5 5
5 41 3 3
5 42 5 5
5 43 1 1
5 44 3 3
5 45 6 6
5 46 3 3
5 47 4 4
5 48 3 3
5 49 5 5
5 50 5 5
5 51 2 2
5 52 3 3
5 53 3 3
5 54 3 3
5 55 5 5
5 56 4 4
5 57 5 5
5 58 4 4
5 59 5 5
5 60 2 2
5 61 4 4
5 62 5 5
5 63 10 10
5 64 7 7
5 65 6 6
5 66 4 4
5 67 7 7
5 68 2 2
5 69 7 7
5 70 3 3
5 71 3 3
5 72 4 4
5 73 3 3
5 74 9 9
5 75 4 4
6 7 8 8
6 8 7 7
6 9 4 4
6 10 5 5
6 11 7 7
6 12 9 9
6 13 6 6
6 14 6 6
6 15 6 6
6 16 4 4
6 17 7 7
6 18 7 7
6 19 5 5
6 20 5 5
6 21 6 6
6 22 4 4
6 23 4 4
6 24 7 7
6 25 3 3
6 26 4 4
6 27 2 2
6 28 4 4
6 29 4 4
6 30 6 6
6 31 4 4
6 32 8 8
6 33 4 4
6 34 9 9
6 35 3 3
6 36 9 9
6 37 5 5
6 38 9 9
6 39 7 7
6 40 3 3
6 41 3 3
6 42 4 4
6 43 6 6
6 44 3 3
6 45 6 6
6 46 3 3
6 47 5 5
6 48 8 8
6 49 3 3
6 50 8 8
6 51 6 6
6 52 6 6
6 53 5 5
6 54 5 5
6 55 3 3
6 56 4 4
6 57 8 8
6 58 5 5
6 59 6 6
6 60 9 9
6 61 7 7
6 62 5 5
6 63 9 9
6 64 7 7
6 65 8 8
6 66 6 6
6 67 6 6
6 68 3 3
6 69 6 6
6 70 4 4
6 71 5 5
6 72 4 4
6 73 4 4
6 74 7 7
6 75 7 7
7 8 4 4
7 9 2 2
7 10 6 6
7 11 8 8
7 12 6 6
7 13 9 9
7 14 6 6
7 15 5 5
7 16 6 6
7 17 3 3
7 18 6 6
7 19 6 6
7 20 5 5
7 21 3 3
7 22 5 5
7 23 8 8
7 24 8 8
7 25 5 5
7 26 3 3
7 27 5 5
7 28 3 3
7 29 5 5
7 30 6 6
7 31 3 3
7 32 6 6
7 33 5 5
7 34 3 3
7 35 7 7
7 36 7 7
7 37 7 7
7 38 5 5
7 39 10 10
7 40 4 4
7 41 6 6
7 42 7 7
7 43 7 7
7 44 4 4
7 45 4 4
7 46 3 3
7 47 10 10
7 48 5 5
7 49 7 7
7 50 3 3
7 51 5 5
7 52 5 5
7 53 8 8
7 54 2 2
7 55 5 5
7 56 8 8
7 57 3 3
7 58 6 6
7 59 3 3
7 60 9 9
7 61 4 4
7 62 4 4
7 63 3 3
7 64 4 4
7 65 5 5
7 66 3 3
7 67 5 5
7 68 5 5
7 69 4 4
7 70 7 7
7 71 7 7
7 72 4 4
7 73 6 6
7 74 4 4
7 75 4 4
8 9 5 5
8 10 1 1
8 11 8 8
8 12 6 6
8 13 6 6
8 14 8 8
8 15 7 7
8 16 4 4
8 17 6 6
8 18 5 5
8 19 1 1
8 20 4 4
8 21 5 5
8 22 5 5
8 23 7 7
8 24 5 5
8 25 6 6
8 26 5 5
8 27 7 7
8 28 7 7
8 29 4 4
8 30 2 2
8 31 5 5
8 32 5 5
8 33 6 6
8 34 6 6
8 35 3 3
8 36 7 7
8 37 6 6
8 38 4 4
8 39 5 5
8 40 7 7
8 41 7 7
8 42 3 3
8 43 9 9
8 44 8 8
8 45 3 3
8 46 4 4
8 47 7 7
8 48 5 5
8 49 6 6
8 50 7 7
8 51 5 5
8 52 5 5
8 53 3 3
8 54 6 6
8 55 5 5
8 56 3 3
8 57 3 3
8 58 8 8
8 59 1 1
8 60 7 7
8 61 6 6
8 62 1 1
8 63 7 7
8 64 8 8
8 65 5 5
8 66 8 8
8 67 6 6
8 68 7 7
8 69 4 4
8 70 3 3
8 71 6 6
8 72 2 2
8 73 5 5
8 74 3 3
8 75 5 5
9 10 4 4
9 11 4 4
9 12 8 8
9 13 7 7
9 14 8 8
9 15 8 8
9 16 8 8
9 17 6 6
9 18 9 9
9 19 4 4
9 20 1 1
9 21 5 5
9 22 5 5
9 23 4 4
9 24 2 2
9 25 3 3
9 26 6 6
9 27 4 4
9 28 4 4
9 29 4 4
9 30 6 6
9 31 3 3
9 32 1 1
9 33 4 4
9 34 7 7
9 35 6 6
9 36 4 4
9 37 3 3
9 38 3 3
9 39 7 7
9 40 3 3
9 41 3 3
9 42 3 3
9 43 2 2
9 44 4 4
9 45 6 6
9 46 4 4
9 47 5 5
9 48 6 6
9 49 6 6
9 50 5 5
9 51 5 5
9 52 4 4
9 53 8 8
9 54 3 3
9 55 3 3
9 56 2 2
9 57 6 6
9 58 4 4
9 59 6 6
9 60 8 8
9 61 6 6
9 62 4 4
9 63 6 6
9 64 6 6
9 65 6 6
9 66 2 2
9 67 6 6
9 68 6 6
9 69 6 6
9 70 5 5
9 71 5 5
9 72 4 4
9 73 7 7
9 74 3 3
9 75 4 4
10 11 7 7
10 12 4 4
10 13 5 5
10 14 5 5
10 15 6 6
10 16 4 4
10 17 7 7
10 18 8 8
10 19 5 5
10 20 7 7
10 21 3 3
10 22 3 3
10 23 4 4
10 24 3 3
10 25 3 3
10 26 2 2
10 27 3 3
10 28 7 7
10 29 5 5
10 30 7 7
10 31 8 8
10 32 4 4
10 33 7 7
10 34 2 2
10 35 4 4
10 36 4 4
10 37 6 6
10 38 7 7
10 39 2 2
10 40 3 3
10 41 7 7
10 42 6 6
10 43 8 8
10 44 2 2
10 45 3 3
10 46 2 2
10 47 6 6
10 48 3 3
10 49 6 6
10 50 7 7
10 51 2 2
10 52 5 5
10 53 2 2
10 54 8 8
10 55 4 4
10 56 4 4
10 57 8 8
10 58 5 5
10 59 4 4
10 60 6 6
10 61 8 8
10 62 4 4
10 63 8 8
10 64 6 6
10 65 4 4
10 66 4 4
10 67 6 6
10 68 1 1
10 69 7 7
10 70 7 7
10 71 4 4
10 72 6 6
10 73 6 6
10 74 3 3
10 75 4 4
11 12 8 8
11 13 6 6
11 14 5 5
11 15 4 4
11 16 4 4
11 17 3 3
11 18 1 1
11 19 7 7
11 20 6 6
11 21 3 3
11 22 4 4
11 23 8 8
11 24 2 2
11 25 5 5
11 26 7 7
11 27 2 2
11 28 8 8
11 29 6 6
11 30 4 4
11 31 1 1
11 32 4 4
11 33 6 6
11 34 4 4
11 35 5 5
11 36 4 4
11 37 6 6
11 38 4 4
11 39 4 4
11 40 6 6
11 41 5 5
11 42 6 6
11 43 1 1
11 44 4 4
11 45 7 7
11 46 3 3
11 47 8 8
11 48 6 6
11 49 5 5
11 50 3 3
11 51 3 3
11 52 6 6
11 53 6 6
11 54 5 5
11 55 6 6
11 56 4 4
11 57 6 6
11 58 4 4
11 59 2 2
11 60 4 4
11 61 6 6
11 62 5 5
11 63 3 3
11 64 4 4
11 65 2 2
11 66 7 7
11 67 6 6
11 68 7 7
11 69 6 6
11 70 5 5
11 71 6 6
11 72 5 5
11 73 4 4
11 74 6 6
11 75 4 4
12 13 5 5
12 14 6 6
12 15 5 5
12 16 3 3
12 17 7 7
12 18 5 5
12 19 2 2
12 20 6 6
12 21 2 2
12 22 4 4
12 23 5 5
12 24 8 8
12 25 6 6
12 26 4 4
12 27 4 4
12 28 3 3
12 29 7 7
12 30 3 3
12 31 5 5
12 32 8 8
12 33 4 4
12 34 6 6
12 35 7 7
12 36 9 9
12 37 5 5
12 38 5 5
12 39 3 3
12 40 3 3
12 41 8 8
12 42 2 2
12 43 6 6
12 44 4 4
12 45 7 7
12 46 6 6
12 47 2 2
12 48 6 6
12 49 7 7
12 50 4 4
12 51 5 5
12 52 9 9
12 53 5 5
12 54 3 3
12 55 3 3
12 56 2 2
12 57 5 5
12 58 7 7
12 59 3 3
12 60 3 3
12 61 5 5
12 62 5 5
12 63 5 5
12 64 8 8
12 65 6 6
12 66 7 7
12 67 5 5
12 68 5 5
12 69 8 8
12 70 5 5
12 71 3 3
12 72 2 2
12 73 5 5
12 74 6 6
12 75 10 10
13 14 3 3
13 15 3 3
13 16 7 7
13 17 6 6
13 18 3 3
13 19 8 8
13 20 1 1
13 21 8 8
13 22 7 7
13 23 5 5
13 24 3 3
13 25 5 5
13 26 6 6
13 27 4 4
13 28 5 5
13 29 7 7
13 30 4 4
13 31 3 3
13 32 5 5
13 33 5 5
13 34 7 7
13 35 5 5
13 36 9 9
13 37 5 5
13 38 7 7
13 39 3 3
13 40 4 4
13 41 6 6
13 42 9 9
13 43 7 7
13 44 5 5
13 45 8 8
13 46 5 5
13 47 6 6
13 48 8 8
13 49 5 5
13 50 3 3
13 51 6 6
13 52 4 4
13 53 5 5
13 54 6 6
13 55 6 6
13 56 7 7
13 57 6 6
13 58 6 6
13 59 4 4
13 60 8 8
13 61 2 2
13 62 6 6
13 63 8 8
13 64 5 5
13 65 1 1
13 66 6 6
13 67 7 7
13 68 1 1
13 69 3 3
13 70 9 9
13 71 7 7
13 72 3 3
13 73 4 4
13 74 5 5
13 75 8 8
14 15 7 7
14 16 4 4
14 17 4 4
14 18 1 1
14 19 3 3
14 20 2 2
14 21 3 3
14 22 2 2
14 23 7 7
14 24 5 5
14 25 7 7
14 26 7 7
14 27 1 1
14 28 5 5
14 29 5 5
14 30 6 6
14 31 6 6
14 32 8 8
14 33 7 7
14 34 6 6
14 35 4 4
14 36 9 9
14 37 7 7
14 38 4 4
14 39 4 4
14 40 4 4
14 41 3 3
14 42 4 4
14 43 8 8
14 44 6 6
14 45 2 2
14 46 6 6
14 47 6 6
14 48 5 5
14 49 6 6
14 50 5 5
14 51 3 3
14 52 6 6
14 53 4 4
14 54 6 6
14 55 6 6
14 56 6 6
14 57 4 4
14 58 2 2
14 59 7 7
14 60 4 4
14 61 8 8
14 62 8 8
14 63 7 7
14 64 5 5
14 65 8 8
14 66 2 2
14 67 3 3
14 68 5 5
14 69 7 7
14 70 4 4
14 71 6 6
14 72 8 8
14 73 5 5
14 74 6 6
14 75 4 4
15 16 1 1
15 17 8 8
15 18 4 4
15 19 4 4
15 20 8 8
15 21 1 1
15 22 5 5
15 23 6 6
15 24 3 3
15 25 7 7
15 26 7 7
15 27 3 3
15 28 5 5
15 29 4 4
15 30 2 2
15 31 4 4
15 32 7 7
15 33 5 5
15 34 7 7
15 35 2 2
15 36 5 5
15 37 5 5
15 38 3 3
15 39 1 1
15 40 5 5
15 41 10 10
15 42 3 3
15 43 5 5
15 44 10 10
15 45 4 4
15 46 5 5
15 47 5 5
15 48 4 4
15 49 6 6
15 50 1 1
15 51 6 6
15 52 8 8
15 53 4 4
15 54 3 3
15 55 2 2
15 56 7 7
15 57 6 6
15 58 8 8
15 59 6 6
15 60 6 6
15 61 8 8
15 62 8 8
15 63 5 5
15 64 3 3
15 65 5 5
15 66 6 6
15 67 4 4
15 68 4 4
15 69 5 5
15 70 2 2
15 71 6 6
15 72 6 6
15 73 7 7
15 74 3 3
15 75 4 4
16 17 4 4
16 18 3 3
16 19 5 5
16 20 4 4
16 21 6 6
16 22 7 7
16 23 7 7
16 24 4 4
16 25 3 3
16 26 6 6
16 27 4 4
16 28 3 3
16 29 4 4
16 30 3 3
16 31 7 7
16 32 4 4
16 33 6 6
16 34 9 9
16 35 4 4
16 36 6 6
16 37 7 7
16 38 4 4
16 39 6 6
16 40 3 3
16 41 5 5
16 42 5 5
16 43 10 10
16 44 7 7
16 45 6 6
16 46 4 4
16 47 2 2
16 48 6 6
16 49 5 5
16 50 7 7
16 51 5 5
16 52 5 5
16 53 7 7
16 54 7 7
16 55 7 7
16 56 8 8
16 57 7 7
16 58 5 5
16 59 5 5
16 60 4 4
16 61 7 7
16 62 1 1
16 63 3 3
16 64 4 4
16 65 5 5
16 66 7 7
16 67 8 8
16 68 4 4
16 69 3 3
16 70 5 5
16 71 5 5
16 72 9 9
16 73 3 3
16 74 4 4
16 75 2 2
17 18 5 5
17 19 5 5
17 20 4 4
17 21 6 6
17 22 6 6
17 23 5 5
17 24 8 8
17 25 4 4
17 26 7 7
17 27 3 3
17 28 7 7
17 29 2 2
17 30 8 8
17 31 7 7
17 32 5 5
17 33 1 1
17 34 4 4
17 35 6 6
17 36 3 3
17 37 1 1
17 38 3 3
17 39 8 8
17 40 6 6
17 41 6 6
17 42 5 5
17 43 9 9
17 44 4 4
17 45 4 4
17 46 5 5
17 47 3 3
17 48 5 5
17 49 3 3
17 50 4 4
17 51 7 7
17 52 4 4
17 53 5 5
17 54 10 10
17 55 4 4
17 56 3 3
17 57 1 1
17 58 4 4
17 59 2 2
17 60 8 8
17 61 7 7
17 62 4 4
17 63 4 4
17 64 6 6
17 65 4 4
17 66 6 6
17 67 3 3
17 68 7 7
17 69 4 4
17 70 4 4
17 71 2 2
17 72 7 7
17 73 1 1
17 74 3 3
17 75 6 6
18 19 6 6
18 20 4 4
18 21 7 7
18 22 4 4
18 23 7 7
18 24 4 4
18 25 6 6
18 26 4 4
18 27 1 1
18 28 6 6
18 29 5 5
18 30 4 4
18 31 5 5
18 32 2 2
18 33 3 3
18 34 3 3
18 35 4 4
18 36 6 6
18 37 6 6
18 38 4 4
18 39 3 3
18 40 4 4
18 41 4 4
18 42 6 6
18 43 2 2
18 44 10 10
18 45 3 3
18 46 7 7
18 47 5 5
18 48 8 8
18 49 3 3
18 50 6 6
18 51 10 10
18 52 6 6
18 53 6 6
18 54 5 5
18 55 7 7
18 56 4 4
18 57 4 4
18 58 4 4
18 59 4 4
18 60 5 5
18 61 4 4
18 62 3 3
18 63 4 4
18 64 4 4
18 65 1 1
18 66 4 4
18 67 4 4
18 68 5 5
18 69 8 8
18 70 3 3
18 71 5 5
18 72 7 7
18 73 4 4
18 74 7 7
18 75 2 2
19 20 5 5
19 21 4 4
19 22 9 9
19 23 3 3
19 24 5 5
19 25 7 7
19 26 5 5
19 27 3 3
19 28 4 4
19 29 6 6
19 30 4 4
19 31 5 5
19 32 5 5
19 33 5 5
19 34 4 4
19 35 4 4
19 36 7 7
19 37 7 7
19 38 5 5
19 39 3 3
19 40 3 3
19 41 4 4
19 42 7 7
19 43 6 6
19 44 10 10
19 45 6 6
19 46 6 6
19 47 6 6
19 48 1 1
19 49 1 1
19 50 4 4
19 51 5 5
19 52 9 9
19 53 6 6
19 54 2 2
19 55 7 7
19 56 1 1
19 57 5 5
19 58 5 5
19 59 7 7
19 60 4 4
19 61 9 9
19 62 5 5
19 63 2 2
19 64 4 4
19 65 7 7
19 66 4 4
19 67 9 9
19 68 2 2
19 69 9 9
19 70 2 2
19 71 4 4
19 72 8 8
19 73 8 8
19 74 3 3
19 75 6 6
20 21 2 2
20 22 5 5
20 23 3 3
20 24 5 5
20 25 4 4
20 26 7 7
20 27 5 5
20 28 8 8
20 29 6 6
20 30 5 5
20 31 7 7
20 32 4 4
20 33 5 5
20 34 4 4
20 35 6 6
20 36 4 4
20 37 4 4
20 38 1 1
20 39 6 6
20 40 6 6
20 41 7 7
20 42 7 7
20 43 2 2
20 44 6 6
20 45 5 5
20 46 4 4
20 47 4 4
20 48 3 3
20 49 7 7
20 50 5 5
20 51 7 7
20 52 6 6
20 53 5 5
20 54 6 6
20 55 6 6
20 56 2 2
20 57 4 4
20 58 4 4
20 59 7 7
20 60 2 2
20 61 4 4
20 62 1 1
20 63 4 4
20 64 5 5
20 65 8 8
20 66 4 4
20 67 6 6
20 68 4 4
20 69 4 4
20 70 7 7
20 71 5 5
20 72 5 5
20 73 5 5
20 74 6 6
20 75 3 3
21 22 4 4
21 23 4 4
21 24 2 2
21 25 5 5
21 26 5 5
21 27 7 7
21 28 2 2
21 29 5 5
21 30 4 4
21 31 9 9
21 32 2 2
21 33 1 1
21 34 6 6
21 35 10 10
21 36 7 7
21 37 5 5
21 38 7 7
21 39 6 6
21 40 5 5
21 41 8 8
21 42 3 3
21 43 5 5
21 44 6 6
21 45 3 3
21 46 9 9
21 47 6 6
21 48 5 5
21 49 2 2
21 50 5 5
21 51 4 4
21 52 4 4
21 53 7 7
21 54 4 4
21 55 2 2
21 56 4 4
21 57 4 4
21 58 1 1
21 59 1 1
21 60 7 7
21 61 4 4
21 62 3 3
21 63 4 4
21 64 5 5
21 65 4 4
21 66 3 3
21 67 7 7
21 68 4 4
21 69 5 5
21 70 5 5
21 71 3 3
21 72 5 5
21 73 4 4
21 74 2 2
21 75 4 4
22 23 7 7
22 24 7 7
22 25 3 3
22 26 4 4
22 27 4 4
22 28 5 5
22 29 5 5
22 30 5 5
22 31 9 9
22 32 2 2
22 33 5 5
22 34 6 6
22 35 3 3
22 36 2 2
22 37 5 5
22 38 5 5
22 39 7 7
22 40 2 2
22 41 8 8
22 42 1 1
22 43 4 4
22 44 5 5
22 45 7 7
22 46 7 7
22 47 3 3
22 48 8 8
22 49 6 6
22 50 7 7
22 51 4 4
22 52 3 3
22 53 1 1
22 54 5 5
22 55 2 2
22 56 5 5
22 57 4 4
22 58 5 5
22 59 3 3
22 60 6 6
22 61 6 6
22 62 2 2
22 63 7 7
22 64 7 7
22 65 5 5
22 66 6 6
22 67 7 7
22 68 7 7
22 69 5 5
22 70 1 1
22 71 7 7
22 72 7 7
22 73 6 6
22 74 2 2
22 75 5 5
23 24 8 8
23 25 3 3
23 26 5 5
23 27 5 5
23 28 5 5
23 29 7 7
23 30 4 4
23 31 4 4
23 32 6 6
23 33 8 8
23 34 3 3
23 35 5 5
23 36 6 6
23 37 4 4
23 38 6 6
23 39 2 2
23 40 5 5
23 41 5 5
23 42 7 7
23 43 6 6
23 44 6 6
23 45 6 6
23 46 3 3
23 47 4 4
23 48 5 5
23 49 3 3
23 50 8 8
23 51 5 5
23 52 8 8
23 53 5 5
23 54 2 2
23 55 8 8
23 56 6 6
23 57 7 7
23 58 5 5
23 59 3 3
23 60 5 5
23 61 2 2
23 62 8 8
23 63 5 5
23 64 5 5
23 65 7 7
23 66 1 1
23 67 8 8
23 68 3 3
23 69 4 4
23 70 7 7
23 71 4 4
23 72 1 1
23 73 7 7
23 74 2 2
23 75 1 1
24 25 1 1
24 26 8 8
24 27 8 8
24 28 5 5
24 29 7 7
24 30 1 1
24 31 5 5
24 32 8 8
24 33 7 7
24 34 4 4
24 35 6 6
24 36 2 2
24 37 4 4
24 38 2 2
24 39 1 1
24 40 4 4
24 41 5 5
24 42 3 3
24 43 1 1
24 44 6 6
24 45 6 6
24 46 2 2
24 47 4 4
24 48 4 4
24 49 10 10
24 50 5 5
24 51 4 4
24 52 4 4
24 53 9 9
24 54 5 5
24 55 4 4
24 56 5 5
24 57 6 6
24 58 3 3
24 59 7 7
24 60 5 5
24 61 4 4
24 62 7 7
24 63 5 5
24 64 4 4
24 65 8 8
24 66 7 7
24 67 7 7
24 68 5 5
24 69 4 4
24 70 8 8
24 71 5 5
24 72 7 7
24 73 6 6
24 74 4 4
24 75 5 5
25 26 4 4
25 27 8 8
25 28 5 5
25 29 5 5
25 30 2 2
25 31 6 6
25 32 6 6
25 33 6 6
25 34 8 8
25 35 6 6
25 36 7 7
25 37 5 5
25 38 4 4
25 39 3 3
25 40 6 6
25 41 8 8
25 42 6 6
25 43 8 8
25 44 4 4
25 45 5 5
25 46 4 4
25 47 7 7
25 48 4 4
25 49 6 6
25 50 6 6
25 51 5 5
25 52 4 4
25 53 7 7
25 54 6 6
25 55 2 2
25 56 6 6
25 57 5 5
25 58 6 6
25 59 4 4
25 60 6 6
25 61 5 5
25 62 3 3
25 63 5 5
25 64 6 6
25 65 5 5
25 66 5 5
25 67 7 7
25 68 4 4
25 69 8 8
25 70 6 6
25 71 1 1
25 72 6 6
25 73 2 2
25 74 5 5
25 75 5 5
26 27 3 3
26 28 2 2
26 29 2 2
26 30 7 7
26 31 4 4
26 32 4 4
26 33 6 6
26 34 7 7
26 35 5 5
26 36 3 3
26 37 3 3
26 38 3 3
26 39 5 5
26 40 4 4
26 41 5 5
26 42 4 4
26 43 3 3
26 44 4 4
26 45 6 6
26 46 5 5
26 47 5 5
26 48 7 7
26 49 8 8
26 50 3 3
26 51 6 6
26 52 8 8
26 53 3 3
26 54 7 7
26 55 9 9
26 56 3 3
26 57 2 2
26 58 3 3
26 59 7 7
26 60 6 6
26 61 7 7
26 62 5 5
26 63 5 5
26 64 3 3
26 65 5 5
26 66 8 8
26 67 4 4
26 68 1 1
26 69 6 6
26 70 7 7
26 71 6 6
26 72 1 1
26 73 6 6
26 74 2 2
26 75 1 1
27 28 8 8
27 29 5 5
27 30 7 7
27 31 9 9
27 32 5 5
27 33 4 4
27 34 4 4
27 35 6 6
27 36 5 5
27 37 6 6
27 38 4 4
27 39 8 8
27 40 3 3
27 41 5 5
27 42 4 4
27 43 6 6
27 44 7 7
27 45 2 2
27 46 3 3
27 47 5 5
27 48 6 6
27 49 5 5
27 50 10 10
27 51 6 6
27 52 6 6
27 53 5 5
27 54 8 8
27 55 5 5
27 56 5 5
27 57 5 5
27 58 6 6
27 59 8 8
27 60 5 5
27 61 7 7
27 62 8 8
27 63 2 2
27 64 3 3
27 65 4 4
27 66 7 7
27 67 4 4
27 68 4 4
27 69 5 5
27 70 8 8
27 71 7 7
27 72 5 5
27 73 7 7
27 74 5 5
27 75 5 5
28 29 2 2
28 30 10 10
28 31 8 8
28 32 2 2
28 33 5 5
28 34 6 6
28 35 7 7
28 36 8 8
28 37 8 8
28 38 5 5
28 39 3 3
28 40 4 4
28 41 8 8
28 42 4 4
28 43 6 6
28 44 4 4
28 45 7 7
28 46 5 5
28 47 5 5
28 48 2 2
28 49 5 5
28 50 4 4
28 51 7 7
28 52 3 3
28 53 2 2
28 54 6 6
28 55 3 3
28 56 6 6
28 57 8 8
28 58 4 4
28 59 6 6
28 60 6 6
28 61 7 7
28 62 7 7
28 63 6 6
28 64 7 7
28 65 3 3
28 66 6 6
28 67 5 5
28 68 4 4
28 69 5 5
28 70 4 4
28 71 6 6
28 72 5 5
28 73 1 1
28 74 7 7
28 75 6 6
29 30 6 6
29 31 3 3
29 32 5 5
29 33 6 6
29 34 7 7
29 35 3 3
29 36 6 6
29 37 2 2
29 38 4 4
29 39 5 5
29 40 1 1
29 41 4 4
29 42 3 3
29 43 3 3
29 44 6 6
29 45 6 6
29 46 4 4
29 47 5 5
29 48 8 8
29 49 5 5
29 50 4 4
29 51 6 6
29 52 8 8
29 53 6 6
29 54 8 8
29 55 5 5
29 56 6 6
29 57 6 6
29 58 4 4
29 59 4 4
29 60 5 5
29 61 3 3
29 62 4 4
29 63 5 5
29 64 4 4
29 65 6 6
29 66 3 3
29 67 4 4
29 68 2 2
29 69 6 6
29 70 7 7
29 71 5 5
29 72 7 7
29 73 2 2
29 74 7 7
29 75 1 1
30 31 2 2
30 32 7 7
30 33 4 4
30 34 9 9
30 35 6 6
30 36 3 3
30 37 7 7
30 38 7 7
30 39 6 6
30 40 6 6
30 41 4 4
30 42 1 1
30 43 4 4
30 44 4 4
30 45 5 5
30 46 7 7
30 47 1 1
30 48 3 3
30 49 6 6
30 50 6 6
30 51 6 6
30 52 7 7
30 53 5 5
30 54 5 5
30 55 6 6
30 56 9 9
30 57 6 6
30 58 5 5
30 59 7 7
30 60 5 5
30 61 2 2
30 62 7 7
30 63 8 8
30 64 4 4
30 65 3 3
30 66 6 6
30 67 7 7
30 68 8 8
30 69 5 5
30 70 6 6
30 71 6 6
30 72 5 5
30 73 6 6
30 74 1 1
30 75 7 7
31 32 8 8
31 33 6 6
31 34 5 5
31 35 3 3
31 36 1 1
31 37 6 6
31 38 8 8
31 39 5 5
31 40 4 4
31 41 6 6
31 42 10 10
31 43 7 7
31 44 6 6
31 45 5 5
31 46 4 4
31 47 7 7
31 48 5 5
31 49 7 7
31 50 6 6
31 51 7 7
31 52 7 7
31 53 7 7
31 54 8 8
31 55 5 5
31 56 3 3
31 57 5 5
31 58 5 5
31 59 8 8
31 60 7 7
31 61 4 4
31 62 3 3
31 63 5 5
31 64 5 5
31 65 7 7
31 66 9 9
31 67 7 7
31 68 7 7
31 69 6 6
31 70 5 5
31 71 3 3
31 72 5 5
31 73 6 6
31 74 6 6
31 75 1 1
32 33 5 5
32 34 5 5
32 35 6 6
32 36 3 3
32 37 8 8
32 38 3 3
32 39 6 6
32 40 5 5
32 41 6 6
32 42 4 4
32 43 3 3
32 44 5 5
32 45 6 6
32 46 5 5
32 47 4 4
32 48 4 4
32 49 6 6
32 50 4 4
32 51 2 2
32 52 8 8
32 53 3 3
32 54 7 7
32 55 4 4
32 56 4 4
32 57 5 5
32 58 2 2
32 59 2 2
32 60 4 4
32 61 3 3
32 62 1 1
32 63 4 4
32 64 7 7
32 65 7 7
32 66 7 7
32 67 3 3
32 68 5 5
32 69 3 3
32 70 4 4
32 71 5 5
32 72 6 6
32 73 4 4
32 74 1 1
32 75 5 5
33 34 3 3
33 35 5 5
33 36 6 6
33 37 7 7
33 38 3 3
33 39 3 3
33 40 7 7
33 41 5 5
33 42 2 2
33 43 5 5
33 44 4 4
33 45 5 5
33 46 4 4
33 47 5 5
33 48 5 5
33 49 1 1
33 50 3 3
33 51 5 5
33 52 7 7
33 53 7 7
33 54 4 4
33 55 7 7
33 56 4 4
33 57 5 5
33 58 3 3
33 59 5 5
33 60 3 3
33 61 4 4
33 62 5 5
33 63 7 7
33 64 4 4
33 65 4 4
33 66 3 3
33 67 1 1
33 68 5 5
33 69 6 6
33 70 4 4
33 71 4 4
33 72 1 1
33 73 5 5
33 74 2 2
33 75 2 2
34 35 6 6
34 36 8 8
34 37 7 7
34 38 4 4
34 39 5 5
34 40 1 1
34 41 1 1
34 42 4 4
34 43 5 5
34 44 5 5
34 45 9 9
34 46 6 6
34 47 8 8
34 48 4 4
34 49 7 7
34 50 8 8
34 51 4 4
34 52 2 2
34 53 5 5
34 54 2 2
34 55 7 7
34 56 1 1
34 57 4 4
34 58 6 6
34 59 7 7
34 60 4 4
34 61 4 4
34 62 4 4
34 63 7 7
34 64 5 5
34 65 6 6
34 66 3 3
34 67 6 6
34 68 7 7
34 69 1 1
34 70 1 1
34 71 6 6
34 72 8 8
34 73 4 4
34 74 6 6
34 75 6 6
35 36 6 6
35 37 4 4
35 38 5 5
35 39 7 7
35 40 8 8
35 41 5 5
35 42 3 3
35 43 7 7
35 44 2 2
35 45 1 1
35 46 3 3
35 47 6 6
35 48 5 5
35 49 8 8
35 50 5 5
35 51 7 7
35 52 5 5
35 53 3 3
35 54 7 7
35 55 6 6
35 56 9 9
35 57 5 5
35 58 9 9
35 59 6 6
35 60 4 4
35 61 4 4
35 62 4 4
35 63 7 7
35 64 4 4
35 65 4 4
35 66 4 4
35 67 7 7
35 68 6 6
35 69 7 7
35 70 3 3
35 71 6 6
35 72 5 5
35 73 7 7
35 74 6 6
35 75 5 5
36 37 6 6
36 38 4 4
36 39 2 2
36 40 6 6
36 41 1 1
36 42 9 9
36 43 3 3
36 44 2 2
36 45 7 7
36 46 1 1
36 47 4 4
36 48 6 6
36 49 2 2
36 50 3 3
36 51 6 6
36 52 7 7
36 53 6 6
36 54 4 4
36 55 7 7
36 56 3 3
36 57 3 3
36 58 7 7
36 59 4 4
36 60 9 9
36 61 6 6
36 62 7 7
36 63 6 6
36 64 4 4
36 65 1 1
36 66 8 8
36 67 7 7
36 68 4 4
36 69 1 1
36 70 5 5
36 71 3 3
36 72 7 7
36 73 5 5
36 74 6 6
36 75 3 3
37 38 1 1
37 39 4 4
37 40 2 2
37 41 4 4
37 42 2 2
37 43 7 7
37 44 5 5
37 45 6 6
37 46 9 9
37 47 5 5
37 48 9 9
37 49 9 9
37 50 5 5
37 51 6 6
37 52 4 4
37 53 1 1
37 54 6 6
37 55 4 4
37 56 4 4
37 57 10 10
37 58 3 3
37 59 7 7
37 60 5 5
37 61 4 4
37 62 5 5
37 63 2 2
37 64 6 6
37 65 6 6
37 66 2 2
37 67 3 3
37 68 4 4
37 69 6 6
37 70 4 4
37 71 8 8
37 72 3 3
37 73 5 5
37 74 1 1
37 75 5 5
38 39 4 4
38 40 5 5
38 41 6 6
38 42 5 5
38 43 4 4
38 44 4 4
38 45 7 7
38 46 6 6
38 47 5 5
38 48 2 2
38 49 2 2
38 50 10 10
38 51 7 7
38 52 5 5
38 53 4 4
38 54 8 8
38 55 4 4
38 56 7 7
38 57 2 2
38 58 7 7
38 59 4 4
38 60 3 3
38 61 3 3
38 62 4 4
38 63 1 1
38 64 3 3
38 65 9 9
38 66 3 3
38 67 1 1
38 68 6 6
38 69 5 5
38 70 3 3
38 71 3 3
38 72 5 5
38 73 3 3
38 74 5 5
38 75 7 7
39 40 5 5
39 41 2 2
39 42 6 6
39 43 7 7
39 44 3 3
39 45 6 6
39 46 1 1
39 47 5 5
39 48 3 3
39 49 4 4
39 50 5 5
39 51 7 7
39 52 9 9
39 53 5 5
39 54 4 4
39 55 7 7
39 56 3 3
39 57 4 4
39 58 6 6
39 59 5 5
39 60 3 3
39 61 4 4
39 62 5 5
39 63 9 9
39 64 6 6
39 65 6 6
39 66 4 4
39 67 6 6
39 68 4 4
39 69 3 3
39 70 6 6
39 71 3 3
39 72 7 7
39 73 3 3
39 74 3 3
39 75 2 2
40 41 7 7
40 42 2 2
40 43 4 4
40 44 5 5
40 45 5 5
40 46 3 3
40 47 7 7
40 48 4 4
40 49 2 2
40 50 7 7
40 51 1 1
40 52 6 6
40 53 4 4
40 54 7 7
40 55 4 4
40 56 8 8
40 57 6 6
40 58 2 2
40 59 3 3
40 60 2 2
40 61 9 9
40 62 6 6
40 63 5 5
40 64 6 6
40 65 6 6
40 66 6 6
40 67 3 3
40 68 5 5
40 69 4 4
40 70 7 7
40 71 6 6
40 72 3 3
40 73 6 6
40 74 4 4
40 75 1 1
41 42 5 5
41 43 5 5
41 44 7 7
41 45 2 2
41 46 10 10
41 47 2 2
41 48 7 7
41 49 4 4
41 50 6 6
41 51 1 1
41 52 4 4
41 53 5 5
41 54 5 5
41 55 4 4
41 56 8 8
41 57 5 5
41 58 6 6
41 59 7 7
41 60 6 6
41 61 5 5
41 62 5 5
41 63 4 4
41 64 5 5
41 65 4 4
41 66 6 6
41 67 7 7
41 68 7 7
41 69 9 9
41 70 5 5
41 71 4 4
41 72 4 4
41 73 3 3
41 74 1 1
41 75 4 4
42 43 8 8
42 44 6 6
42 45 2 2
42 46 9 9
42 47 6 6
42 48 4 4
42 49 6 6
42 50 4 4
42 51 7 7
42 52 5 5
42 53 4 4
42 54 2 2
42 55 4 4
42 56 6 6
42 57 2 2
42 58 5 5
42 59 5 5
42 60 5 5
42 61 4 4
42 62 7 7
42 63 6 6
42 64 7 7
42 65 7 7
42 66 4 4
42 67 6 6
42 68 6 6
42 69 6 6
42 70 5 5
42 71 6 6
42 72 8 8
42 73 2 2
42 74 9 9
42 75 3 3
43 44 3 3
43 45 5 5
43 46 2 2
43 47 3 3
43 48 6 6
43 49 6 6
43 50 5 5
43 51 3 3
43 52 5 5
43 53 2 2
43 54 4 4
43 55 7 7
43 56 4 4
43 57 6 6
43 58 6 6
43 59 5 5
43 60 4 4
43 61 7 7
43 62 4 4
43 63 4 4
43 64 7 7
43 65 5 5
43 66 5 5
43 67 5 5
43 68 3 3
43 69 6 6
43 70 8 8
43 71 8 8
43 72 5 5
43 73 5 5
43 74 4 4
43 75 2 2
44 45 4 4
44 46 3 3
44 47 4 4
44 48 6 6
44 49 4 4
44 50 7 7
44 51 5 5
44 52 1 1
44 53 6 6
44 54 7 7
44 55 9 9
44 56 6 6
44 57 8 8
44 58 3 3
44 59 7 7
44 60 3 3
44 61 6 6
44 62 4 4
44 63 6 6
44 64 5 5
44 65 4 4
44 66 6 6
44 67 6 6
44 68 3 3
44 69 3 3
44 70 2 2
44 71 3 3
44 72 4 4
44 73 6 6
44 74 5 5
44 75 6 6
45 46 5 5
45 47 6 6
45 48 3 3
45 49 4 4
45 50 5 5
45 51 6 6
45 52 6 6
45 53 2 2
45 54 5 5
45 55 7 7
45 56 3 3
45 57 5 5
45 58 2 2
45 59 7 7
45 60 5 5
45 61 5 5
45 62 3 3
45 63 5 5
45 64 6 6
45 65 5 5
45 66 5 5
45 67 3 3
45 68 6 6
45 69 5 5
45 70 9 9
45 71 6 6
45 72 7 7
45 73 4 4
45 74 6 6
45 75 2 2
46 47 4 4
46 48 4 4
46 49 2 2
46 50 4 4
46 51 4 4
46 52 6 6
46 53 1 1
46 54 3 3
46 55 3 3
46 56 6 6
46 57 6 6
46 58 5 5
46 59 3 3
46 60 4 4
46 61 8 8
46 62 3 3
46 63 7 7
46 64 6 6
46 65 5 5
46 66 5 5
46 67 3 3
46 68 6 6
46 69 8 8
46 70 6 6
46 71 2 2
46 72 5 5
46 73 4 4
46 74 4 4
46 75 6 6
47 48 5 5
47 49 10 10
47 50 6 6
47 51 7 7
47 52 6 6
47 53 3 3
47 54 5 5
47 55 6 6
47 56 8 8
47 57 4 4
47 58 5 5
47 59 3 3
47 60 4 4
47 61 2 2
47 62 6 6
47 63 4 4
47 64 5 5
47 65 5 5
47 66 5 5
47 67 6 6
47 68 5 5
47 69 1 1
47 70 6 6
47 71 4 4
47 72 6 6
47 73 6 6
47 74 7 7
47 75 1 1
48 49 7 7
48 50 6 6
48 51 3 3
48 52 7 7
48 53 5 5
48 54 4 4
48 55 3 3
48 56 7 7
48 57 5 5
48 58 3 3
48 59 5 5
48 60 8 8
48 61 4 4
48 62 1 1
48 63 6 6
48 64 5 5
48 65 1 1
48 66 7 7
48 67 2 2
48 68 6 6
48 69 6 6
48 70 5 5
48 71 4 4
48 72 10 10
48 73 8 8
48 74 4 4
48 75 6 6
49 50 7 7
49 51 7 7
49 52 6 6
49 53 5 5
49 54 4 4
49 55 4 4
49 56 3 3
49 57 4 4
49 58 6 6
49 59 1 1
49 60 3 3
49 61 6 6
49 62 4 4
49 63 1 1
49 64 1 1
49 65 3 3
49 66 8 8
49 67 6 6
49 68 5 5
49 69 1 1
49 70 5 5
49 71 7 7
49 72 4 4
49 73 3 3
49 74 2 2
49 75 5 5
50 51 7 7
50 52 7 7
50 53 1 1
50 54 7 7
50 55 5 5
50 56 5 5
50 57 7 7
50 58 9 9
50 59 7 7
50 60 1 1
50 61 8 8
50 62 1 1
50 63 3 3
50 64 5 5
50 65 5 5
50 66 5 5
50 67 1 1
50 68 8 8
50 69 1 1
50 70 5 5
50 71 5 5
50 72 6 6
50 73 4 4
50 74 7 7
50 75 3 3
51 52 5 5
51 53 5 5
51 54 7 7
51 55 3 3
51 56 6 6
51 57 7 7
51 58 5 5
51 59 5 5
51 60 10 10
51 61 7 7
51 62 7 7
51 63 1 1
51 64 2 2
51 65 7 7
51 66 3 3
51 67 4 4
51 68 4 4
51 69 5 5
51 70 5 5
51 71 8 8
51 72 6 6
51 73 4 4
51 74 5 5
51 75 4 4
52 53 4 4
52 54 3 3
52 55 2 2
52 56 1 1
52 57 7 7
52 58 6 6
52 59 5 5
52 60 3 3
52 61 4 4
52 62 5 5
52 63 5 5
52 64 9 9
52 65 3 3
52 66 5 5
52 67 4 4
52 68 7 7
52 69 3 3
52 70 6 6
52 71 4 4
52 72 3 3
52 73 2 2
52 74 6 6
52 75 4 4
53 54 8 8
53 55 4 4
53 56 4 4
53 57 6 6
53 58 7 7
53 59 8 8
53 60 6 6
53 61 5 5
53 62 6 6
53 63 3 3
53 64 3 3
53 65 6 6
53 66 6 6
53 67 8 8
53 68 2 2
53 69 7 7
53 70 10 10
53 71 5 5
53 72 6 6
53 73 5 5
53 74 3 3
53 75 5 5
54 55 6 6
54 56 5 5
54 57 6 6
54 58 4 4
54 59 3 3
54 60 5 5
54 61 7 7
54 62 8 8
54 63 7 7
54 64 1 1
54 65 2 2
54 66 4 4
54 67 4 4
54 68 4 4
54 69 2 2
54 70 4 4
54 71 6 6
54 72 8 8
54 73 4 4
54 74 8 8
54 75 5 5
55 56 5 5
55 57 4 4
55 58 3 3
55 59 4 4
55 60 3 3
55 61 6 6
55 62 7 7
55 63 7 7
55 64 4 4
55 65 2 2
55 66 2 2
55 67 6 6
55 68 7 7
55 69 3 3
55 70 4 4
55 71 5 5
55 72 5 5
55 73 4 4
55 74 3 3
55 75 5 5
56 57 7 7
56 58 4 4
56 59 1 1
56 60 6 6
56 61 5 5
56 62 7 7
56 63 4 4
56 64 7 7
56 65 4 4
56 66 8 8
56 67 7 7
56 68 7 7
56 69 6 6
56 70 6 6
56 71 6 6
56 72 6 6
56 73 7 7
56 74 5 5
56 75 5 5
57 58 4 4
57 59 6 6
57 60 3 3
57 61 1 1
57 62 6 6
57 63 8 8
57 64 5 5
57 65 1 1
57 66 4 4
57 67 6 6
57 68 4 4
57 69 1 1
57 70 1 1
57 71 8 8
57 72 7 7
57 73 7 7
57 74 4 4
57 75 7 7
58 59 8 8
58 60 7 7
58 61 4 4
58 62 8 8
58 63 5 5
58 64 6 6
58 65 9 9
58 66 3 3
58 67 7 7
58 68 7 7
58 69 5 5
58 70 4 4
58 71 1 1
58 72 9 9
58 73 3 3
58 74 5 5
58 75 1 1
59 60 6 6
59 61 7 7
59 62 6 6
59 63 3 3
59 64 5 5
59 65 4 4
59 66 4 4
59 67 2 2
59 68 6 6
59 69 2 2
59 70 5 5
59 71 8 8
59 72 3 3
59 73 4 4
59 74 6 6
59 75 1 1
60 61 6 6
60 62 3 3
60 63 4 4
60 64 6 6
60 65 3 3
60 66 6 6
60 67 6 6
60 68 4 4
60 69 9 9
60 70 7 7
60 71 3 3
60 72 7 7
60 73 4 4
60 74 6 6
60 75 6 6
61 62 3 3
61 63 4 4
61 64 3 3
61 65 3 3
61 66 3 3
61 67 5 5
61 68 4 4
61 69 6 6
61 70 3 3
61 71 8 8
61 72 2 2
61 73 6 6
61 74 7 7
61 75 4 4
62 63 7 7
62 64 7 7
62 65 7 7
62 66 4 4
62 67 6 6
62 68 5 5
62 69 6 6
62 70 5 5
62 71 3 3
62 72 5 5
62 73 9 9
62 74 3 3
62 75 2 2
63 64 6 6
63 65 10 10
63 66 4 4
63 67 8 8
63 68 3 3
63 69 5 5
63 70 5 5
63 71 3 3
63 72 9 9
63 73 6 6
63 74 6 6
63 75 5 5
64 65 6 6
64 66 5 5
64 67 5 5
64 68 8 8
64 69 6 6
64 70 5 5
64 71 5 5
64 72 7 7
64 73 3 3
64 74 6 6
64 75 6 6
65 66 6 6
65 67 9 9
65 68 8 8
65 69 6 6
65 70 7 7
65 71 7 7
65 72 7 7
65 73 5 5
65 74 2 2
65 75 7 7
66 67 3 3
66 68 5 5
66 69 6 6
66 70 4 4
66 71 7 7
66 72 6 6
66 73 5 5
66 74 7 7
66 75 8 8
67 68 6 6
67 69 6 6
67 70 7 7
67 71 6 6
67 72 5 5
67 73 6 6
67 74 8 8
67 75 1 1
68 69 7 7
68 70 10 10
68 71 4 4
68 72 6 6
68 73 7 7
68 74 6 6
68 75 6 6
69 70 9 9
69 71 2 2
69 72 6 6
69 73 4 4
69 74 5 5
69 75 9 9
70 71 6 6
70 72 6 6
70 73 7 7
70 74 8 8
70 75 2 2
71 72 4 4
71 73 5 5
71 74 5 5
71 75 8 8
72 73 6 6
72 74 7 7
72 75 4 4
73 74 7 7
73 75 4 4
74 75 5 5
