50
3
7
3
49
23
1
1
38
1 2 8 8
1 3 6 6
1 4 7 7
1 5 6 6
1 6 10 10
1 7 6 6
1 8 8 8
1 9 5 5
1 10 3 3
1 11 5 5
1 12 8 8
1 13 7 7
1 14 6 6
1 15 3 3
1 16 6 6
1 17 4 4
1 18 3 3
1 19 1 1
1 20 8 8
1 21 6 6
1 22 4 4
1 23 5 5
1 24 5 5
1 25 4 4
1 26 4 4
1 27 9 9
1 28 5 5
1 29 8 8
1 30 6 6
1 31 9 9
1 32 3 3
1 33 1 1
1 34 7 7
1 35 6 6
1 36 4 4
1 37 2 2
1 38 5 5
1 39 6 6
1 40 4 4
1 41 5 5
1 42 5 5
1 43 5 5
1 44 4 4
1 45 6 6
1 46 2 2
1 47 4 4
1 48 3 3
1 49 6 6
1 50 5 5
2 3 5 5
2 4 5 5
2 5 7 7
2 6 7 7
2 7 2 2
2 8 2 2
2 9 6 6
2 10 5 5
2 11 3 3
2 12 3 3
2 13 4 4
2 14 9 9
2 15 6 6
2 16 7 7
2 17 3 3
2 18 7 7
2 19 8 8
2 20 3 3
2 21 5 5
2 22 4 4
2 23 8 8
2 24 2 2
2 25 7 7
2 26 6 6
2 27 5 5
2 28 6 6
2 29 3 3
2 30 6 6
2 31 4 4
2 32 5 5
2 33 6 6
2 34 3 3
2 35 1 1
2 36 1 1
2 37 3 3
2 38 9 9
2 39 4 4
2 40 7 7
2 41 5 5
2 42 6 6
2 43 2 2
2 44 6 6
2 45 6 6
2 46 8 8
2 47 3 3
2 48 6 6
2 49 9 9
2 50 6 6
3 4 1 1
3 5 7 7
3 6 5 5
3 7 2 2
3 8 6 6
3 9 7 7
3 10 3 3
3 11 6 6
3 12 5 5
3 13 6 6
3 14 9 9
3 15 4 4
3 16 5 5
3 17 6 6
3 18 1 1
3 19 6 6
3 20 9 9
3 21 1 1
3 22 7 7
3 23 5 5
3 24 6 6
3 25 4 4
3 26 6 6
3 27 9 9
3 28 2 2
3 29 4 4
3 30 5 5
3 31 6 6
3 32 5 5
3 33 7 7
3 34 7 7
3 35 5 5
3 36 4 4
3 37 5 5
3 38 4 4
3 39 8 8
3 40 7 7
3 41 5 5
3 42 5 5
3 43 4 4
3 44 6 6
3 45 8 8
3 46 4 4
3 47 9 9
3 48 3 3
3 49 4 4
3 50 8 8
4 5 4 4
4 6 7 7
4 7 4 4
4 8 4 4
4 9 2 2
4 10 4 4
4 11 5 5
4 12 7 7
4 13 3 3
4 14 4 4
4 15 5 5
4 16 3 3
4 17 4 4
4 18 9 9
4 19 4 4
4 20 6 6
4 21 6 6
4 22 4 4
4 23 3 3
4 24 5 5
4 25 7 7
4 26 5 5
4 27 4 4
4 28 9 9
4 29 6 6
4 30 4 4
4 31 4 4
4 32 4 4
4 33 3 3
4 34 3 3
4 35 4 4
4 36 6 6
4 37 8 8
4 38 5 5
4 39 6 6
4 40 3 3
4 41 9 9
4 42 6 6
4 43 1 1
4 44 6 6
4 45 10 10
4 46 6 6
4 47 1 1
4 48 6 6
4 49 8 8
4 50 2 2
5 6 4 4
5 7 7 7
5 8 5 5
5 9 3 3
5 10 4 4
5 11 3 3
5 12 1 1
5 13 3 3
5 14 3 3
5 15 4 4
5 16 5 5
5 17 4 4
5 18 5 5
5 19 4 4
5 20 1 1
5 21 5 5
5 22 4 4
5 23 5 5
5 24 2 2
5 25 5 5
5 26 6 6
5 27 6 6
5 28 2 2
5 29 8 8
5 30 3 3
5 31 7 7
5 32 6 6
5 33 5 5
5 34 6 6
5 35 6 6
5 36 2 2
5 37 8 8
5 38 8 8
5 39 3 3
5 40 7 7
5 41 5 5
5 42 2 2
5 43 5 5
5 44 5 5
5 45 6 6
5 46 5 5
5 47 5 5
5 48 2 2
5 49 3 3
5 50 5 5
6 7 7 7
6 8 4 4
6 9 2 2
6 10 9 9
6 11 5 5
6 12 4 4
6 13 4 4
6 14 1 1
6 15 4 4
6 16 3 3
6 17 1 1
6 18 5 5
6 19 2 2
6 20 2 2
6 21 7 7
6 22 10 10
6 23 10 10
6 24 2 2
6 25 4 4
6 26 5 5
6 27 5 5
6 28 7 7
6 29 6 6
6 30 6 6
6 31 3 3
6 32 8 8
6 33 6 6
6 34 4 4
6 35 8 8
6 36 7 7
6 37 9 9
6 38 2 2
6 39 5 5
6 40 1 1
6 41 2 2
6 42 9 9
6 43 6 6
6 44 6 6
6 45 3 3
6 46 4 4
6 47 7 7
6 48 5 5
6 49 4 4
6 50 5 5
7 8 5 5
7 9 5 5
7 10 2 2
7 11 4 4
7 12 5 5
7 13 8 8
7 14 5 5
7 15 6 6
7 16 3 3
7 17 4 4
7 18 5 5
7 19 8 8
7 20 4 4
7 21 5 5
7 22 8 8
7 23 8 8
7 24 4 4
7 25 3 3
7 26 7 7
7 27 5 5
7 28 7 7
7 29 4 4
7 30 6 6
7 31 7 7
7 32 3 3
7 33 5 5
7 34 7 7
7 35 6 6
7 36 5 5
7 37 3 3
7 38 4 4
7 39 6 6
7 40 7 7
7 41 6 6
7 42 4 4
7 43 5 5
7 44 4 4
7 45 6 6
7 46 5 5
7 47 10 10
7 48 5 5
7 49 5 5
7 50 4 4
8 9 1 1
8 10 6 6
8 11 5 5
8 12 3 3
8 13 5 5
8 14 1 1
8 15 3 3
8 16 6 6
8 17 3 3
8 18 4 4
8 19 3 3
8 20 5 5
8 21 5 5
8 22 2 2
8 23 3 3
8 24 3 3
8 25 3 3
8 26 5 5
8 27 4 4
8 28 5 5
8 29 4 4
8 30 5 5
8 31 2 2
8 32 4 4
8 33 5 5
8 34 10 10
8 35 7 7
8 36 6 6
8 37 4 4
8 38 7 7
8 39 2 2
8 40 7 7
8 41 3 3
8 42 3 3
8 43 4 4
8 44 3 3
8 45 9 9
8 46 4 4
8 47 8 8
8 48 7 7
8 49 4 4
8 50 5 5
9 10 7 7
9 11 9 9
9 12 6 6
9 13 6 6
9 14 6 6
9 15 4 4
9 16 7 7
9 17 7 7
9 18 5 5
9 19 5 5
9 20 6 6
9 21 4 4
9 22 4 4
9 23 7 7
9 24 3 3
9 25 4 4
9 26 2 2
9 27 4 4
9 28 4 4
9 29 6 6
9 30 4 4
9 31 8 8
9 32 4 4
9 33 9 9
9 34 3 3
9 35 9 9
9 36 5 5
9 37 9 9
9 38 7 7
9 39 3 3
9 40 3 3
9 41 4 4
9 42 6 6
9 43 3 3
9 44 6 6
9 45 3 3
9 46 5 5
9 47 8 8
9 48 3 3
9 49 8 8
9 50 6 6
10 11 6 6
10 12 5 5
10 13 5 5
10 14 3 3
10 15 4 4
10 16 8 8
10 17 5 5
10 18 6 6
10 19 9 9
10 20 7 7
10 21 5 5
10 22 9 9
10 23 7 7
10 24 8 8
10 25 6 6
10 26 6 6
10 27 3 3
10 28 6 6
10 29 4 4
10 30 5 5
10 31 4 4
10 32 4 4
10 33 7 7
10 34 7 7
10 35 4 4
10 36 2 2
10 37 6 6
10 38 8 8
10 39 6 6
10 40 9 9
10 41 6 6
10 42 5 5
10 43 6 6
10 44 3 3
10 45 6 6
10 46 6 6
10 47 5 5
10 48 3 3
10 49 5 5
10 50 8 8
11 12 8 8
11 13 5 5
11 14 3 3
11 15 5 5
11 16 3 3
11 17 5 5
11 18 6 6
11 19 3 3
11 20 6 6
11 21 5 5
11 22 3 3
11 23 7 7
11 24 7 7
11 25 7 7
11 26 5 5
11 27 10 10
11 28 4 4
11 29 6 6
11 30 7 7
11 31 7 7
11 32 4 4
11 33 4 4
11 34 3 3
11 35 10 10
11 36 5 5
11 37 7 7
11 38 3 3
11 39 5 5
11 40 5 5
11 41 8 8
11 42 2 2
11 43 5 5
11 44 8 8
11 45 3 3
11 46 6 6
11 47 3 3
11 48 9 9
11 49 4 4
11 50 4 4
12 13 3 3
12 14 4 4
12 15 5 5
12 16 3 3
12 17 5 5
12 18 5 5
12 19 4 4
12 20 7 7
12 21 7 7
12 22 4 4
12 23 6 6
12 24 4 4
12 25 4 4
12 26 5 5
12 27 1 1
12 28 8 8
12 29 6 6
12 30 6 6
12 31 8 8
12 32 7 7
12 33 4 4
12 34 6 6
12 35 5 5
12 36 1 1
12 37 4 4
12 38 5 5
12 39 5 5
12 40 7 7
12 41 5 5
12 42 6 6
12 43 5 5
12 44 7 7
12 45 7 7
12 46 4 4
12 47 2 2
12 48 5 5
12 49 5 5
12 50 6 6
13 14 6 6
13 15 3 3
13 16 7 7
13 17 6 6
13 18 4 4
13 19 5 5
13 20 7 7
13 21 7 7
13 22 3 3
13 23 9 9
13 24 8 8
13 25 3 3
13 26 4 4
13 27 7 7
13 28 5 5
13 29 6 6
13 30 7 7
13 31 5 5
13 32 5 5
13 33 3 3
13 34 6 6
13 35 5 5
13 36 3 3
13 37 3 3
13 38 8 8
13 39 1 1
13 40 7 7
13 41 6 6
13 42 1 1
13 43 7 7
13 44 8 8
13 45 5 5
13 46 8 8
13 47 6 6
13 48 7 7
13 49 4 4
13 50 3 3
14 15 6 6
14 16 2 2
14 17 5 5
14 18 3 3
14 19 5 5
14 20 4 4
14 21 4 4
14 22 8 8
14 23 7 7
14 24 8 8
14 25 8 8
14 26 8 8
14 27 6 6
14 28 9 9
14 29 4 4
14 30 1 1
14 31 5 5
14 32 5 5
14 33 4 4
14 34 2 2
14 35 3 3
14 36 6 6
14 37 4 4
14 38 4 4
14 39 4 4
14 40 6 6
14 41 3 3
14 42 1 1
14 43 4 4
14 44 7 7
14 45 6 6
14 46 4 4
14 47 3 3
14 48 3 3
14 49 7 7
14 50 3 3
15 16 3 3
15 17 3 3
15 18 2 2
15 19 4 4
15 20 6 6
15 21 4 4
15 22 5 5
15 23 6 6
15 24 6 6
15 25 5 5
15 26 5 5
15 27 4 4
15 28 8 8
15 29 3 3
15 30 3 3
15 31 2 2
15 32 6 6
15 33 4 4
15 34 6 6
15 35 8 8
15 36 6 6
15 37 4 4
15 38 6 6
15 39 6 6
15 40 6 6
15 41 2 2
15 42 6 6
15 43 6 6
15 44 6 6
15 45 5 5
15 46 5 5
15 47 4 4
15 48 7 7
15 49 3 3
15 50 4 4
16 17 7 7
16 18 4 4
16 19 5 5
16 20 5 5
16 21 6 6
16 22 4 4
16 23 7 7
16 24 8 8
16 25 5 5
16 26 7 7
16 27 3 3
16 28 3 3
16 29 4 4
16 30 3 3
16 31 3 3
16 32 2 2
16 33 3 3
16 34 7 7
16 35 5 5
16 36 7 7
16 37 8 8
16 38 4 4
16 39 7 7
16 40 2 2
16 41 4 4
16 42 4 4
16 43 6 6
16 44 7 7
16 45 2 2
16 46 3 3
16 47 7 7
16 48 6 6
16 49 8 8
16 50 2 2
17 18 3 3
17 19 2 2
17 20 6 6
17 21 3 3
17 22 6 6
17 23 7 7
17 24 2 2
17 25 5 5
17 26 2 2
17 27 8 8
17 28 4 4
17 29 4 4
17 30 8 8
17 31 5 5
17 32 4 4
17 33 6 6
17 34 8 8
17 35 4 4
17 36 8 8
17 37 6 6
17 38 4 4
17 39 4 4
17 40 6 6
17 41 1 1
17 42 7 7
17 43 7 7
17 44 4 4
17 45 6 6
17 46 6 6
17 47 3 3
17 48 4 4
17 49 8 8
17 50 6 6
18 19 5 5
18 20 4 4
18 21 4 4
18 22 3 3
18 23 1 1
18 24 7 7
18 25 6 6
18 26 3 3
18 27 4 4
18 28 8 8
18 29 2 2
18 30 5 5
18 31 7 7
18 32 2 2
18 33 8 8
18 34 6 6
18 35 4 4
18 36 1 1
18 37 4 4
18 38 6 6
18 39 4 4
18 40 5 5
18 41 4 4
18 42 6 6
18 43 4 4
18 44 4 4
18 45 6 6
18 46 5 5
18 47 6 6
18 48 1 1
18 49 4 4
18 50 7 7
19 20 3 3
19 21 8 8
19 22 6 6
19 23 5 5
19 24 3 3
19 25 3 3
19 26 6 6
19 27 6 6
19 28 5 5
19 29 6 6
19 30 4 4
19 31 6 6
19 32 4 4
19 33 2 2
19 34 4 4
19 35 6 6
19 36 5 5
19 37 3 3
19 38 4 4
19 39 2 2
19 40 7 7
19 41 6 6
19 42 7 7
19 43 6 6
19 44 5 5
19 45 6 6
19 46 5 5
19 47 4 4
19 48 6 6
19 49 4 4
19 50 5 5
20 21 6 6
20 22 5 5
20 23 3 3
20 24 7 7
20 25 5 5
20 26 2 2
20 27 6 6
20 28 2 2
20 29 4 4
20 30 5 5
20 31 8 8
20 32 6 6
20 33 4 4
20 34 4 4
20 35 3 3
20 36 7 7
20 37 3 3
20 38 5 5
20 39 8 8
20 40 4 4
20 41 6 6
20 42 7 7
20 43 9 9
20 44 5 5
20 45 5 5
20 46 3 3
20 47 3 3
20 48 8 8
20 49 2 2
20 50 6 6
21 22 4 4
21 23 7 7
21 24 6 6
21 25 2 2
21 26 6 6
21 27 7 7
21 28 4 4
21 29 5 5
21 30 9 9
21 31 5 5
21 32 3 3
21 33 3 3
21 34 2 2
21 35 5 5
21 36 7 7
21 37 3 3
21 38 3 3
21 39 5 5
21 40 5 5
21 41 5 5
21 42 8 8
21 43 6 6
21 44 7 7
21 45 5 5
21 46 5 5
21 47 8 8
21 48 5 5
21 49 3 3
21 50 2 2
22 23 5 5
22 24 6 6
22 25 10 10
22 26 3 3
22 27 3 3
22 28 7 7
22 29 6 6
22 30 3 3
22 31 8 8
22 32 1 1
22 33 8 8
22 34 7 7
22 35 5 5
22 36 3 3
22 37 5 5
22 38 6 6
22 39 4 4
22 40 5 5
22 41 7 7
22 42 4 4
22 43 3 3
22 44 5 5
22 45 5 5
22 46 7 7
22 47 5 5
22 48 9 9
22 49 5 5
22 50 7 7
23 24 3 3
23 25 4 4
23 26 6 6
23 27 9 9
23 28 7 7
23 29 5 5
23 30 8 8
23 31 5 5
23 32 6 6
23 33 8 8
23 34 5 5
23 35 3 3
23 36 6 6
23 37 4 4
23 38 5 5
23 39 6 6
23 40 6 6
23 41 7 7
23 42 6 6
23 43 6 6
23 44 4 4
23 45 8 8
23 46 2 2
23 47 6 6
23 48 8 8
23 49 5 5
23 50 1 1
24 25 6 6
24 26 7 7
24 27 1 1
24 28 3 3
24 29 9 9
24 30 7 7
24 31 3 3
24 32 4 4
24 33 5 5
24 34 8 8
24 35 7 7
24 36 4 4
24 37 4 4
24 38 1 1
24 39 3 3
24 40 2 2
24 41 3 3
24 42 2 2
24 43 7 7
24 44 5 5
24 45 7 7
24 46 7 7
24 47 1 1
24 48 5 5
24 49 5 5
24 50 6 6
25 26 6 6
25 27 8 8
25 28 7 7
25 29 6 6
25 30 4 4
25 31 9 9
25 32 7 7
25 33 4 4
25 34 4 4
25 35 4 4
25 36 3 3
25 37 4 4
25 38 8 8
25 39 6 6
25 40 2 2
25 41 6 6
25 42 6 6
25 43 5 5
25 44 6 6
25 45 5 5
25 46 3 3
25 47 6 6
25 48 4 4
25 49 6 6
25 50 6 6
26 27 6 6
26 28 4 4
26 29 2 2
26 30 7 7
26 31 4 4
26 32 8 8
26 33 8 8
26 34 7 7
26 35 5 5
26 36 8 8
26 37 2 2
26 38 3 3
26 39 5 5
26 40 7 7
26 41 4 4
26 42 6 6
26 43 8 8
26 44 5 5
26 45 6 6
26 46 4 4
26 47 1 1
26 48 8 8
26 49 4 4
26 50 4 4
27 28 8 8
27 29 1 1
27 30 5 5
27 31 6 6
27 32 3 3
27 33 7 7
27 34 7 7
27 35 3 3
27 36 5 5
27 37 4 4
27 38 2 2
27 39 4 4
27 40 7 7
27 41 5 5
27 42 7 7
27 43 2 2
27 44 5 5
27 45 5 5
27 46 3 3
27 47 1 1
27 48 5 5
27 49 10 10
27 50 3 3
28 29 5 5
28 30 10 10
28 31 4 4
28 32 5 5
28 33 5 5
28 34 4 4
28 35 6 6
28 36 1 1
28 37 6 6
28 38 8 8
28 39 4 4
28 40 3 3
28 41 2 2
28 42 7 7
28 43 6 6
28 44 8 8
28 45 6 6
28 46 6 6
28 47 8 8
28 48 8 8
28 49 5 5
28 50 3 3
29 30 5 5
29 31 6 6
29 32 4 4
29 33 4 4
29 34 5 5
29 35 2 2
29 36 6 6
29 37 6 6
29 38 7 7
29 39 3 3
29 40 4 4
29 41 4 4
29 42 3 3
29 43 5 5
29 44 4 4
29 45 6 6
29 46 7 7
29 47 7 7
29 48 4 4
29 49 3 3
29 50 6 6
30 31 4 4
30 32 3 3
30 33 4 4
30 34 3 3
30 35 7 7
30 36 4 4
30 37 6 6
30 38 9 9
30 39 4 4
30 40 6 6
30 41 7 7
30 42 4 4
30 43 6 6
30 44 3 3
30 45 5 5
30 46 5 5
30 47 10 10
30 48 7 7
30 49 6 6
30 50 4 4
31 32 2 2
31 33 6 6
31 34 5 5
31 35 7 7
31 36 5 5
31 37 5 5
31 38 7 7
31 39 7 7
31 40 7 7
31 41 8 8
31 42 7 7
31 43 5 5
31 44 5 5
31 45 4 4
31 46 7 7
31 47 1 1
31 48 3 3
31 49 4 4
31 50 5 5
32 33 7 7
32 34 8 8
32 35 4 4
32 36 3 3
32 37 5 5
32 38 5 5
32 39 9 9
32 40 3 3
32 41 4 4
32 42 2 2
32 43 5 5
32 44 5 5
32 45 4 4
32 46 6 6
32 47 6 6
32 48 5 5
32 49 8 8
32 50 4 4
33 34 7 7
33 35 3 3
33 36 7 7
33 37 2 2
33 38 8 8
33 39 7 7
33 40 5 5
33 41 1 1
33 42 4 4
33 43 6 6
33 44 3 3
33 45 1 1
33 46 3 3
33 47 8 8
33 48 6 6
33 49 6 6
33 50 5 5
34 35 9 9
34 36 4 4
34 37 4 4
34 38 5 5
34 39 3 3
34 40 5 5
34 41 3 3
34 42 4 4
34 43 7 7
34 44 4 4
34 45 5 5
34 46 10 10
34 47 4 4
34 48 3 3
34 49 1 1
34 50 4 4
35 36 2 2
35 37 8 8
35 38 7 7
35 39 4 4
35 40 4 4
35 41 6 6
35 42 4 4
35 43 6 6
35 44 3 3
35 45 7 7
35 46 4 4
35 47 4 4
35 48 2 2
35 49 7 7
35 50 1 1
36 37 3 3
36 38 6 6
36 39 6 6
36 40 4 4
36 41 7 7
36 42 4 4
36 43 7 7
36 44 4 4
36 45 6 6
36 46 4 4
36 47 1 1
36 48 6 6
36 49 5 5
36 50 4 4
37 38 5 5
37 39 2 2
37 40 3 3
37 41 3 3
37 42 4 4
37 43 6 6
37 44 6 6
37 45 4 4
37 46 3 3
37 47 4 4
37 48 4 4
37 49 6 6
37 50 2 2
38 39 10 10
38 40 3 3
38 41 7 7
38 42 5 5
38 43 8 8
38 44 3 3
38 45 6 6
38 46 10 10
38 47 6 6
38 48 6 6
38 49 5 5
38 50 7 7
39 40 4 4
39 41 4 4
39 42 4 4
39 43 4 4
39 44 5 5
39 45 4 4
39 46 3 3
39 47 4 4
39 48 4 4
39 49 1 1
39 50 4 4
40 41 4 4
40 42 5 5
40 43 8 8
40 44 3 3
40 45 5 5
40 46 7 7
40 47 4 4
40 48 7 7
40 49 2 2
40 50 5 5
41 42 4 4
41 43 9 9
41 44 3 3
41 45 5 5
41 46 7 7
41 47 5 5
41 48 3 3
41 49 4 4
41 50 6 6
42 43 4 4
42 44 5 5
42 45 5 5
42 46 5 5
42 47 4 4
42 48 4 4
42 49 7 7
42 50 7 7
43 44 5 5
43 45 3 3
43 46 3 3
43 47 4 4
43 48 7 7
43 49 6 6
43 50 10 10
44 45 6 6
44 46 6 6
44 47 6 6
44 48 1 1
44 49 1 1
44 50 4 4
45 46 5 5
45 47 9 9
45 48 6 6
45 49 2 2
45 50 7 7
46 47 1 1
46 48 5 5
46 49 5 5
46 50 7 7
47 48 4 4
47 49 9 9
47 50 5 5
48 49 2 2
48 50 4 4
49 50 7 7
