30
3
9
5
29
14
1
28
29
1
19
1 2 8 8
1 3 6 6
1 4 7 7
1 5 6 6
1 6 10 10
1 7 6 6
1 8 8 8
1 9 5 5
1 10 3 3
1 11 5 5
1 12 8 8
1 13 7 7
1 14 6 6
1 15 3 3
1 16 6 6
1 17 4 4
1 18 3 3
1 19 1 1
1 20 8 8
1 21 6 6
1 22 4 4
1 23 5 5
1 24 5 5
1 25 4 4
1 26 4 4
1 27 9 9
1 28 5 5
1 29 8 8
1 30 6 6
2 3 9 9
2 4 3 3
2 5 1 1
2 6 7 7
2 7 6 6
2 8 4 4
2 9 2 2
2 10 5 5
2 11 6 6
2 12 4 4
2 13 5 5
2 14 5 5
2 15 5 5
2 16 4 4
2 17 6 6
2 18 2 2
2 19 4 4
2 20 3 3
2 21 6 6
2 22 5 5
2 23 5 5
2 24 5 5
2 25 7 7
2 26 7 7
2 27 2 2
2 28 2 2
2 29 6 6
2 30 5 5
3 4 3 3
3 5 3 3
3 6 4 4
3 7 9 9
3 8 6 6
3 9 7 7
3 10 3 3
3 11 7 7
3 12 8 8
3 13 3 3
3 14 5 5
3 15 4 4
3 16 8 8
3 17 2 2
3 18 7 7
3 19 6 6
3 20 5 5
3 21 6 6
3 22 3 3
3 23 6 6
3 24 4 4
3 25 5 5
3 26 6 6
3 27 3 3
3 28 1 1
3 29 1 1
3 30 3 3
4 5 9 9
4 6 4 4
4 7 7 7
4 8 5 5
4 9 6 6
4 10 2 2
4 11 6 6
4 12 6 6
4 13 8 8
4 14 3 3
4 15 6 6
4 16 9 9
4 17 6 6
4 18 1 1
4 19 7 7
4 20 5 5
4 21 2 2
4 22 6 6
4 23 7 7
4 24 3 3
4 25 6 6
4 26 5 5
4 27 6 6
4 28 9 9
4 29 4 4
4 30 5 5
5 6 6 6
5 7 1 1
5 8 6 6
5 9 9 9
5 10 1 1
5 11 7 7
5 12 5 5
5 13 6 6
5 14 4 4
5 15 6 6
5 16 9 9
5 17 2 2
5 18 4 4
5 19 5 5
5 20 6 6
5 21 5 5
5 22 7 7
5 23 7 7
5 24 5 5
5 25 4 4
5 26 5 5
5 27 4 4
5 28 8 8
5 29 7 7
5 30 5 5
6 7 5 5
6 8 4 4
6 9 6 6
6 10 8 8
6 11 4 4
6 12 9 9
6 13 3 3
6 14 4 4
6 15 8 8
6 16 4 4
6 17 7 7
6 18 4 4
6 19 4 4
6 20 2 2
6 21 4 4
6 22 5 5
6 23 7 7
6 24 3 3
6 25 4 4
6 26 5 5
6 27 3 3
6 28 4 4
6 29 9 9
6 30 4 4
7 8 6 6
7 9 6 6
7 10 4 4
7 11 3 3
7 12 5 5
7 13 7 7
7 14 5 5
7 15 4 4
7 16 9 9
7 17 6 6
7 18 4 4
7 19 4 4
7 20 4 4
7 21 3 3
7 22 3 3
7 23 4 4
7 24 6 6
7 25 8 8
7 26 5 5
7 27 6 6
7 28 3 3
7 29 9 9
7 30 6 6
8 9 1 1
8 10 6 6
8 11 10 10
8 12 6 6
8 13 1 1
8 14 6 6
8 15 8 8
8 16 2 2
8 17 4 4
8 18 7 7
8 19 5 5
8 20 3 3
8 21 4 4
8 22 3 3
8 23 1 1
8 24 3 3
8 25 3 3
8 26 4 4
8 27 5 5
8 28 4 4
8 29 5 5
8 30 4 4
9 10 1 1
9 11 5 5
9 12 4 4
9 13 5 5
9 14 2 2
9 15 5 5
9 16 6 6
9 17 6 6
9 18 2 2
9 19 8 8
9 20 3 3
9 21 7 7
9 22 6 6
9 23 5 5
9 24 6 6
9 25 6 6
9 26 2 2
9 27 8 8
9 28 8 8
9 29 3 3
9 30 7 7
10 11 5 5
10 12 2 2
10 13 5 5
10 14 5 5
10 15 6 6
10 16 5 5
10 17 5 5
10 18 2 2
10 19 3 3
10 20 5 5
10 21 7 7
10 22 4 4
10 23 2 2
10 24 9 9
10 25 5 5
10 26 4 4
10 27 4 4
10 28 1 1
10 29 4 4
10 30 3 3
11 12 1 1
11 13 5 5
11 14 2 2
11 15 2 2
11 16 7 7
11 17 10 10
11 18 10 10
11 19 2 2
11 20 4 4
11 21 5 5
11 22 5 5
11 23 7 7
11 24 6 6
11 25 6 6
11 26 3 3
11 27 8 8
11 28 6 6
11 29 4 4
11 30 8 8
12 13 7 7
12 14 9 9
12 15 2 2
12 16 5 5
12 17 1 1
12 18 2 2
12 19 9 9
12 20 6 6
12 21 6 6
12 22 3 3
12 23 4 4
12 24 7 7
12 25 5 5
12 26 4 4
12 27 5 5
12 28 5 5
12 29 5 5
12 30 2 2
13 14 4 4
13 15 5 5
13 16 8 8
13 17 5 5
13 18 6 6
13 19 3 3
13 20 4 4
13 21 5 5
13 22 8 8
13 23 4 4
13 24 5 5
13 25 8 8
13 26 8 8
13 27 4 4
13 28 3 3
13 29 7 7
13 30 5 5
14 15 7 7
14 16 4 4
14 17 6 6
14 18 7 7
14 19 3 3
14 20 5 5
14 21 7 7
14 22 6 6
14 23 5 5
14 24 3 3
14 25 4 4
14 26 6 6
14 27 7 7
14 28 6 6
14 29 4 4
14 30 5 5
15 16 4 4
15 17 6 6
15 18 5 5
15 19 10 10
15 20 5 5
15 21 5 5
15 22 4 4
15 23 1 1
15 24 6 6
15 25 5 5
15 26 3 3
15 27 5 5
15 28 1 1
15 29 3 3
15 30 6 6
16 17 3 3
16 18 4 4
16 19 3 3
16 20 5 5
16 21 5 5
16 22 2 2
16 23 3 3
16 24 3 3
16 25 3 3
16 26 5 5
16 27 4 4
16 28 5 5
16 29 4 4
16 30 5 5
17 18 2 2
17 19 4 4
17 20 5 5
17 21 10 10
17 22 7 7
17 23 6 6
17 24 4 4
17 25 7 7
17 26 2 2
17 27 7 7
17 28 3 3
17 29 3 3
17 30 4 4
18 19 3 3
18 20 9 9
18 21 4 4
18 22 8 8
18 23 7 7
18 24 4 4
18 25 5 5
18 26 7 7
18 27 9 9
18 28 6 6
18 29 6 6
18 30 6 6
19 20 4 4
19 21 7 7
19 22 7 7
19 23 5 5
19 24 5 5
19 25 6 6
19 26 4 4
19 27 4 4
19 28 7 7
19 29 3 3
19 30 4 4
20 21 2 2
20 22 4 4
20 23 4 4
20 24 6 6
20 25 4 4
20 26 8 8
20 27 4 4
20 28 9 9
20 29 3 3
20 30 9 9
21 22 5 5
21 23 9 9
21 24 7 7
21 25 3 3
21 26 3 3
21 27 4 4
21 28 6 6
21 29 3 3
21 30 6 6
22 23 3 3
22 24 5 5
22 25 8 8
22 26 3 3
22 27 8 8
22 28 6 6
22 29 6 6
22 30 5 5
23 24 5 5
23 25 3 3
23 26 4 4
23 27 8 8
23 28 5 5
23 29 6 6
23 30 9 9
24 25 7 7
24 26 5 5
24 27 9 9
24 28 7 7
24 29 8 8
24 30 6 6
25 26 6 6
25 27 3 3
25 28 6 6
25 29 4 4
25 30 5 5
26 27 4 4
26 28 4 4
26 29 7 7
26 30 7 7
27 28 4 4
27 29 2 2
27 30 6 6
28 29 8 8
28 30 6 6
29 30 9 9
